Satellite 1,Satellite 2,Distance
USA,FREJA,9858.163822863922
USA,TIMED,13100.101517679575
USA,CYGFM01,7124.143801659258
USA,UWE-4,3510.141864638549
USA,STARLINK-1191,3790.831078491617
USA,ASTROCAST-0101,6055.101540242496
USA,STARLINK-1979,2946.106899977661
USA,STARLINK-1655,3201.3223630533985
USA,STARLINK-2399,2401.2371169492026
USA,STARLINK-2637,1813.700104210689
USA,STARLINK-2648,5040.602947362973
USA,MANDRAKE,11044.847826042153
USA,STARLINK-3304,2610.01827390271
USA,STARLINK-3305,2041.8095816979824
USA,STARLINK-3245,2534.331336863538
USA,STARLINK-3291,2065.6890023394635
USA,ELSA-D,12250.397148873402
USA,STARLINK-3555,1991.0476425665493
USA,STARLINK-3504,3681.584923230188
USA,STARLINK-3813,3744.6029926036235
USA,STARLINK-4580,3783.8263471884666
USA,STARLINK-4636,2514.46704980837
USA,STARLINK-4652,2133.130234287343
USA,STARLINK-4656,2881.0408908969084
USA,STARLINK-5235,2625.5298544757106
USA,STARLINK-5387,11491.80248094153
USA,STARLINK-5084,11108.408286140502
USA,STARLINK-5310,12816.798830173377
USA,ONEWEB-0666,2405.135803922939
USA,STARLINK-6104,11903.18782906161
USA,GHOST-2,11399.62421474109
USA,STARLINK-30274,2089.141543540465
USA,STARLINK-30318,10976.706450592217
USA,YAOGAN-39,6128.668437465255
USA,STARLINK-30788,2840.7544741934557
USA,STARLINK-31092,11643.459494071529
USA,STARLINK-31326,4820.929866384972
USA,STARLINK-31716,2191.301557787823
USA,STARLINK-32096,11261.741912377294
USA,STARLINK-11155,4624.107951232771
USA,STARLINK-32022,1730.8597575240633
USA,STARLINK-32137,2081.656791015679
USA,STARLINK-11224,2449.145491790521
USA,ONEWEB-0687,1528.5298615905228
USA,STARLINK-32650,3779.1787521895503
USA,STARLINK-32631,11829.57268524509
USA,STARLINK-32712,2490.729150417052
USA,STARLINK-32720,4507.473281362936
USA,STARLINK-33597,997.32239844083
USA,STARLINK-33579,2743.535441935829
USA,STARLINK-33594,3254.1587605988952
USA,STARLINK-33585,2526.1658982556432
USA,STARLINK-32755,11686.98046385851
USA,STARLINK-32931,11371.038034432457
USA,STARLINK-33714,11155.315437062789
USA,STARLINK-33976,11461.153707680092
FREJA,USA,9858.163822863922
FREJA,TIMED,7799.149389281697
FREJA,CYGFM01,3781.43576957288
FREJA,UWE-4,7114.176084444248
FREJA,STARLINK-1191,10418.359055772433
FREJA,ASTROCAST-0101,9426.795864573762
FREJA,STARLINK-1979,10165.742121692974
FREJA,STARLINK-1655,10206.292375660341
FREJA,STARLINK-2399,8904.194973904228
FREJA,STARLINK-2637,9621.5288563521
FREJA,STARLINK-2648,11348.694001233469
FREJA,MANDRAKE,7429.1047498936505
FREJA,STARLINK-3304,8937.681363553109
FREJA,STARLINK-3305,8886.618088160552
FREJA,STARLINK-3245,8966.39351130204
FREJA,STARLINK-3291,8877.396919294453
FREJA,ELSA-D,2719.161009435324
FREJA,STARLINK-3555,9546.508377109312
FREJA,STARLINK-3504,10325.058438489721
FREJA,STARLINK-3813,10546.43476122909
FREJA,STARLINK-4580,10489.667629346533
FREJA,STARLINK-4636,8942.081898311664
FREJA,STARLINK-4652,8903.098771358429
FREJA,STARLINK-4656,8985.5760717716
FREJA,STARLINK-5235,9939.178797929413
FREJA,STARLINK-5387,5441.093499195827
FREJA,STARLINK-5084,3882.2723439617102
FREJA,STARLINK-5310,3596.088547780252
FREJA,ONEWEB-0666,11277.55822450069
FREJA,STARLINK-6104,6651.157716736734
FREJA,GHOST-2,2336.996997705197
FREJA,STARLINK-30274,8865.313847607082
FREJA,STARLINK-30318,3016.1620868236278
FREJA,YAOGAN-39,4576.8058180525395
FREJA,STARLINK-30788,8917.277615214949
FREJA,STARLINK-31092,5978.713170460994
FREJA,STARLINK-31326,10634.566884280548
FREJA,STARLINK-31716,8859.040201133546
FREJA,STARLINK-32096,4378.815616481316
FREJA,STARLINK-11155,10588.539502575559
FREJA,STARLINK-32022,8536.693086303976
FREJA,STARLINK-32137,9537.764920054562
FREJA,STARLINK-11224,8700.668857335631
FREJA,ONEWEB-0687,10535.430427076302
FREJA,STARLINK-32650,8970.612426786234
FREJA,STARLINK-32631,2201.325573984989
FREJA,STARLINK-32712,9908.667036801035
FREJA,STARLINK-32720,10723.461562972307
FREJA,STARLINK-33597,9209.238456473266
FREJA,STARLINK-33579,9871.566903195122
FREJA,STARLINK-33594,10040.18309557597
FREJA,STARLINK-33585,9811.293168766277
FREJA,STARLINK-32755,6114.0811745535475
FREJA,STARLINK-32931,5307.784191031768
FREJA,STARLINK-33714,1708.8748841828462
FREJA,STARLINK-33976,5377.543365401748
TIMED,USA,13100.101517679575
TIMED,FREJA,7799.149389281697
TIMED,CYGFM01,7527.811178563334
TIMED,UWE-4,9638.565448122501
TIMED,STARLINK-1191,11971.49612411134
TIMED,ASTROCAST-0101,9220.005032552164
TIMED,STARLINK-1979,11588.466092754903
TIMED,STARLINK-1655,11657.646921459858
TIMED,STARLINK-2399,13546.954584451045
TIMED,STARLINK-2637,11947.635941094662
TIMED,STARLINK-2648,11228.5960958202
TIMED,MANDRAKE,5312.41938038833
TIMED,STARLINK-3304,13648.072500695385
TIMED,STARLINK-3305,13349.13030466373
TIMED,STARLINK-3245,13598.503401981476
TIMED,STARLINK-3291,13344.444487533907
TIMED,ELSA-D,7246.858828665128
TIMED,STARLINK-3555,12118.153973274839
TIMED,STARLINK-3504,11938.18798885171
TIMED,STARLINK-3813,11362.367839084756
TIMED,STARLINK-4580,11327.398040038925
TIMED,STARLINK-4636,13598.375776736437
TIMED,STARLINK-4652,13404.364484594258
TIMED,STARLINK-4656,13805.447937657327
TIMED,STARLINK-5235,11867.017445635922
TIMED,STARLINK-5387,3608.797013672194
TIMED,STARLINK-5084,4025.8818141870925
TIMED,STARLINK-5310,5918.69439559291
TIMED,ONEWEB-0666,13290.801926186185
TIMED,STARLINK-6104,3323.4718192130276
TIMED,GHOST-2,8547.738004928578
TIMED,STARLINK-30274,13195.841833513214
TIMED,STARLINK-30318,5135.426714209862
TIMED,YAOGAN-39,8164.504934914862
TIMED,STARLINK-30788,13723.965641173192
TIMED,STARLINK-31092,4244.04619742056
TIMED,STARLINK-31326,11430.10878679808
TIMED,STARLINK-31716,13358.454072134808
TIMED,STARLINK-32096,5056.9643847775405
TIMED,STARLINK-11155,11196.343799569855
TIMED,STARLINK-32022,12694.18675337633
TIMED,STARLINK-32137,12151.912602424274
TIMED,STARLINK-11224,13059.960702436485
TIMED,ONEWEB-0687,14278.449710534403
TIMED,STARLINK-32650,11877.647217198106
TIMED,STARLINK-32631,7328.069089796537
TIMED,STARLINK-32712,11605.591920765859
TIMED,STARLINK-32720,11537.114067587165
TIMED,STARLINK-33597,12135.706820049218
TIMED,STARLINK-33579,11994.399868523937
TIMED,STARLINK-33594,12140.245273478891
TIMED,STARLINK-33585,11919.590526913975
TIMED,STARLINK-32755,3776.012291497397
TIMED,STARLINK-32931,3737.323323636569
TIMED,STARLINK-33714,7683.172618933153
TIMED,STARLINK-33976,4338.5315983115715
CYGFM01,USA,7124.143801659258
CYGFM01,FREJA,3781.43576957288
CYGFM01,TIMED,7527.811178563334
CYGFM01,UWE-4,4007.0520572619002
CYGFM01,STARLINK-1191,6814.374884010417
CYGFM01,ASTROCAST-0101,7186.702832659772
CYGFM01,STARLINK-1979,6815.939694010551
CYGFM01,STARLINK-1655,6733.729323557118
CYGFM01,STARLINK-2399,6679.554371076047
CYGFM01,STARLINK-2637,6420.5570147163835
CYGFM01,STARLINK-2648,8236.972287944887
CYGFM01,MANDRAKE,5357.144026426046
CYGFM01,STARLINK-3304,6687.740552681461
CYGFM01,STARLINK-3305,6662.043869869513
CYGFM01,STARLINK-3245,6643.388888447162
CYGFM01,STARLINK-3291,6606.526062211965
CYGFM01,ELSA-D,5445.528702109366
CYGFM01,STARLINK-3555,6278.271548562022
CYGFM01,STARLINK-3504,6733.634214275182
CYGFM01,STARLINK-3813,7160.638782238584
CYGFM01,STARLINK-4580,7056.167605488689
CYGFM01,STARLINK-4636,6662.464168652733
CYGFM01,STARLINK-4652,6631.189989311753
CYGFM01,STARLINK-4656,6763.648891562738
CYGFM01,STARLINK-5235,6537.341219504037
CYGFM01,STARLINK-5387,4876.571004741385
CYGFM01,STARLINK-5084,4445.510559520516
CYGFM01,STARLINK-5310,5974.655802152842
CYGFM01,ONEWEB-0666,8024.720913322967
CYGFM01,STARLINK-6104,5647.602213156975
CYGFM01,GHOST-2,4903.702988067788
CYGFM01,STARLINK-30274,6368.19727401853
CYGFM01,STARLINK-30318,4054.1506121155144
CYGFM01,YAOGAN-39,1016.2989532181805
CYGFM01,STARLINK-30788,6691.194834350828
CYGFM01,STARLINK-31092,5063.033516500965
CYGFM01,STARLINK-31326,6930.675131915206
CYGFM01,STARLINK-31716,6531.310705927328
CYGFM01,STARLINK-32096,4244.813859444539
CYGFM01,STARLINK-11155,6947.343949506897
CYGFM01,STARLINK-32022,6218.9483169267
CYGFM01,STARLINK-32137,6254.097147284852
CYGFM01,STARLINK-11224,6119.918831735343
CYGFM01,ONEWEB-0687,7845.223406835924
CYGFM01,STARLINK-32650,5528.181028130656
CYGFM01,STARLINK-32631,5131.3088069260075
CYGFM01,STARLINK-32712,6674.390417325867
CYGFM01,STARLINK-32720,7069.533635470055
CYGFM01,STARLINK-33597,6317.035582174506
CYGFM01,STARLINK-33579,6431.322762482147
CYGFM01,STARLINK-33594,6521.272879185832
CYGFM01,STARLINK-33585,6417.598340209989
CYGFM01,STARLINK-32755,5209.012418364143
CYGFM01,STARLINK-32931,4726.2252569103775
CYGFM01,STARLINK-33714,4521.394605944218
CYGFM01,STARLINK-33976,4711.957244528518
UWE-4,USA,3510.141864638549
UWE-4,FREJA,7114.176084444248
UWE-4,TIMED,9638.565448122501
UWE-4,CYGFM01,4007.0520572619002
UWE-4,STARLINK-1191,3803.501904991786
UWE-4,ASTROCAST-0101,4482.671253651525
UWE-4,STARLINK-1979,3075.619308027824
UWE-4,STARLINK-1655,3232.759151975304
UWE-4,STARLINK-2399,4225.62304667584
UWE-4,STARLINK-2637,2651.0678363562997
UWE-4,STARLINK-2648,4698.321332153482
UWE-4,MANDRAKE,7770.3748570902435
UWE-4,STARLINK-3304,4362.270878832966
UWE-4,STARLINK-3305,3975.2091342486283
UWE-4,STARLINK-3245,4284.662583276497
UWE-4,STARLINK-3291,3959.574309361587
UWE-4,ELSA-D,9267.959950397231
UWE-4,STARLINK-3555,2809.1117476463896
UWE-4,STARLINK-3504,3695.3242882929603
UWE-4,STARLINK-3813,3542.30075945981
UWE-4,STARLINK-4580,3508.478985105665
UWE-4,STARLINK-4636,4287.094953093308
UWE-4,STARLINK-4652,4026.0811431863403
UWE-4,STARLINK-4656,4580.16958420544
UWE-4,STARLINK-5235,2991.3771912918505
UWE-4,STARLINK-5387,8018.914828740156
UWE-4,STARLINK-5084,7700.908505215274
UWE-4,STARLINK-5310,9630.076951395442
UWE-4,ONEWEB-0666,4285.900021575085
UWE-4,STARLINK-6104,8431.760355687717
UWE-4,GHOST-2,8703.04780014478
UWE-4,STARLINK-30274,3779.737867663387
UWE-4,STARLINK-30318,7677.065906113473
UWE-4,YAOGAN-39,3062.6509967438487
UWE-4,STARLINK-30788,4500.382182262843
UWE-4,STARLINK-31092,8218.603117292056
UWE-4,STARLINK-31326,4223.636034748225
UWE-4,STARLINK-31716,3984.5625455484087
UWE-4,STARLINK-32096,7911.804640735809
UWE-4,STARLINK-11155,3971.522554172448
UWE-4,STARLINK-32022,3297.2856329430933
UWE-4,STARLINK-32137,2866.8865026678286
UWE-4,STARLINK-11224,3755.1214162657775
UWE-4,ONEWEB-0687,4645.995917703717
UWE-4,STARLINK-32650,3454.58292110356
UWE-4,STARLINK-32631,8890.202935088137
UWE-4,STARLINK-32712,2795.7112145732394
UWE-4,STARLINK-32720,4096.578773159731
UWE-4,STARLINK-33597,2563.2031837194927
UWE-4,STARLINK-33579,3111.33953265724
UWE-4,STARLINK-33594,3516.605617548598
UWE-4,STARLINK-33585,2940.011009674214
UWE-4,STARLINK-32755,8230.481187873691
UWE-4,STARLINK-32931,7903.707113550823
UWE-4,STARLINK-33714,8300.681845757721
UWE-4,STARLINK-33976,8038.405890611449
STARLINK-1191,USA,3790.831078491617
STARLINK-1191,FREJA,10418.359055772433
STARLINK-1191,TIMED,11971.49612411134
STARLINK-1191,CYGFM01,6814.374884010417
STARLINK-1191,UWE-4,3803.501904991786
STARLINK-1191,ASTROCAST-0101,6461.980569714144
STARLINK-1191,STARLINK-1979,1881.3307674619598
STARLINK-1191,STARLINK-1655,1169.1992825821526
STARLINK-1191,STARLINK-2399,5233.094351885701
STARLINK-1191,STARLINK-2637,2181.342256169574
STARLINK-1191,STARLINK-2648,4241.433796455852
STARLINK-1191,MANDRAKE,8928.638983995495
STARLINK-1191,STARLINK-3304,5229.966847501472
STARLINK-1191,STARLINK-3305,5159.060724751395
STARLINK-1191,STARLINK-3245,5055.302604794112
STARLINK-1191,STARLINK-3291,5058.173189562641
STARLINK-1191,ELSA-D,12244.797727674691
STARLINK-1191,STARLINK-3555,1910.9783762965478
STARLINK-1191,STARLINK-3504,125.75490765045765
STARLINK-1191,STARLINK-3813,2229.179141160456
STARLINK-1191,STARLINK-4580,1985.7643591700166
STARLINK-1191,STARLINK-4636,5143.600868172557
STARLINK-1191,STARLINK-4652,5073.8553034904435
STARLINK-1191,STARLINK-4656,5365.125919679502
STARLINK-1191,STARLINK-5235,1302.9334825795536
STARLINK-1191,STARLINK-5387,10278.953950868943
STARLINK-1191,STARLINK-5084,10577.482584748574
STARLINK-1191,STARLINK-5310,12654.576509264423
STARLINK-1191,ONEWEB-0666,2308.6511428052495
STARLINK-1191,STARLINK-6104,10333.819194241745
STARLINK-1191,GHOST-2,11559.42336731138
STARLINK-1191,STARLINK-30274,4533.415437157588
STARLINK-1191,STARLINK-30318,10577.752355738066
STARLINK-1191,YAOGAN-39,5878.853358764528
STARLINK-1191,STARLINK-30788,5331.8470349202835
STARLINK-1191,STARLINK-31092,10161.132961956775
STARLINK-1191,STARLINK-31326,1162.282125821466
STARLINK-1191,STARLINK-31716,4950.6171658900175
STARLINK-1191,STARLINK-32096,10278.92258442781
STARLINK-1191,STARLINK-11155,1428.3497662558427
STARLINK-1191,STARLINK-32022,4832.687117975005
STARLINK-1191,STARLINK-32137,1869.3614778579506
STARLINK-1191,STARLINK-11224,4396.142856467487
STARLINK-1191,ONEWEB-0687,4233.401026002466
STARLINK-1191,STARLINK-32650,2346.9356755884205
STARLINK-1191,STARLINK-32631,11944.478984919191
STARLINK-1191,STARLINK-32712,2277.5754237266315
STARLINK-1191,STARLINK-32720,1081.5959840014739
STARLINK-1191,STARLINK-33597,3249.9533509113026
STARLINK-1191,STARLINK-33579,1093.6444565894894
STARLINK-1191,STARLINK-33594,809.0263368727777
STARLINK-1191,STARLINK-33585,1327.2473236597118
STARLINK-1191,STARLINK-32755,10215.291775580752
STARLINK-1191,STARLINK-32931,10179.338190315379
STARLINK-1191,STARLINK-33714,11308.59367466099
STARLINK-1191,STARLINK-33976,10171.22895100833
ASTROCAST-0101,USA,6055.101540242496
ASTROCAST-0101,FREJA,9426.795864573762
ASTROCAST-0101,TIMED,9220.005032552164
ASTROCAST-0101,CYGFM01,7186.702832659772
ASTROCAST-0101,UWE-4,4482.671253651525
ASTROCAST-0101,STARLINK-1191,6461.980569714144
ASTROCAST-0101,STARLINK-1979,4814.77123195229
ASTROCAST-0101,STARLINK-1655,5398.469756697953
ASTROCAST-0101,STARLINK-2399,7696.308443548465
ASTROCAST-0101,STARLINK-2637,5334.4646770449435
ASTROCAST-0101,STARLINK-2648,3422.468502857264
ASTROCAST-0101,MANDRAKE,9471.073221099277
ASTROCAST-0101,STARLINK-3304,7958.632072690536
ASTROCAST-0101,STARLINK-3305,7229.098945237524
ASTROCAST-0101,STARLINK-3245,7922.0582989904615
ASTROCAST-0101,STARLINK-3291,7313.5882329882315
ASTROCAST-0101,ELSA-D,11410.616723414263
ASTROCAST-0101,STARLINK-3555,5985.850988498839
ASTROCAST-0101,STARLINK-3504,6401.806561723986
ASTROCAST-0101,STARLINK-3813,4525.579469286864
ASTROCAST-0101,STARLINK-4580,4714.302992722684
ASTROCAST-0101,STARLINK-4636,7873.895317803261
ASTROCAST-0101,STARLINK-4652,7417.5755937910735
ASTROCAST-0101,STARLINK-4656,8250.444607048656
ASTROCAST-0101,STARLINK-5235,5614.063518469799
ASTROCAST-0101,STARLINK-5387,9338.343972393055
ASTROCAST-0101,STARLINK-5084,8905.723806434744
ASTROCAST-0101,STARLINK-5310,11177.583101891416
ASTROCAST-0101,ONEWEB-0666,6165.4819342170795
ASTROCAST-0101,STARLINK-6104,9512.66104959309
ASTROCAST-0101,GHOST-2,11442.643074026138
ASTROCAST-0101,STARLINK-30274,7427.106298345886
ASTROCAST-0101,STARLINK-30318,9395.866712899153
ASTROCAST-0101,YAOGAN-39,6624.855509199302
ASTROCAST-0101,STARLINK-30788,8174.0367954072535
ASTROCAST-0101,STARLINK-31092,9801.610001156694
ASTROCAST-0101,STARLINK-31326,6406.351561797597
ASTROCAST-0101,STARLINK-31716,7494.213720985246
ASTROCAST-0101,STARLINK-32096,9881.214148201683
ASTROCAST-0101,STARLINK-11155,5714.6366873362
ASTROCAST-0101,STARLINK-32022,6470.399707130882
ASTROCAST-0101,STARLINK-32137,6129.794162468044
ASTROCAST-0101,STARLINK-11224,7630.580004936653
ASTROCAST-0101,ONEWEB-0687,7577.714056504668
ASTROCAST-0101,STARLINK-32650,7454.999344547988
ASTROCAST-0101,STARLINK-32631,11049.572716614322
ASTROCAST-0101,STARLINK-32712,4620.538742211781
ASTROCAST-0101,STARLINK-32720,6061.979594583793
ASTROCAST-0101,STARLINK-33597,5357.447649261724
ASTROCAST-0101,STARLINK-33579,6092.199887457911
ASTROCAST-0101,STARLINK-33594,6635.373607863388
ASTROCAST-0101,STARLINK-33585,5801.597909032414
ASTROCAST-0101,STARLINK-32755,9590.294996985089
ASTROCAST-0101,STARLINK-32931,9285.329505624222
ASTROCAST-0101,STARLINK-33714,10734.918550986327
ASTROCAST-0101,STARLINK-33976,9705.688567723499
STARLINK-1979,USA,2946.106899977661
STARLINK-1979,FREJA,10165.742121692974
STARLINK-1979,TIMED,11588.466092754903
STARLINK-1979,CYGFM01,6815.939694010551
STARLINK-1979,UWE-4,3075.619308027824
STARLINK-1979,STARLINK-1191,1881.3307674619598
STARLINK-1979,ASTROCAST-0101,4814.77123195229
STARLINK-1979,STARLINK-1655,714.9060970906185
STARLINK-1979,STARLINK-2399,4952.615249079017
STARLINK-1979,STARLINK-2637,1291.5614919189898
STARLINK-1979,STARLINK-2648,2739.345142958103
STARLINK-1979,MANDRAKE,9378.783943584003
STARLINK-1979,STARLINK-3304,5074.558264560403
STARLINK-1979,STARLINK-3305,4685.2921296640825
STARLINK-1979,STARLINK-3245,4941.206987053887
STARLINK-1979,STARLINK-3291,4656.4108549681205
STARLINK-1979,ELSA-D,12202.216352869307
STARLINK-1979,STARLINK-3555,1772.5919684990138
STARLINK-1979,STARLINK-3504,1815.8581051978617
STARLINK-1979,STARLINK-3813,865.2436157809657
STARLINK-1979,STARLINK-4580,844.495736152798
STARLINK-1979,STARLINK-4636,4976.2281014902455
STARLINK-1979,STARLINK-4652,4712.411681795568
STARLINK-1979,STARLINK-4656,5299.780546676357
STARLINK-1979,STARLINK-5235,989.980634466966
STARLINK-1979,STARLINK-5387,10310.343538808469
STARLINK-1979,STARLINK-5084,10349.656979086589
STARLINK-1979,STARLINK-5310,12494.15331260698
STARLINK-1979,ONEWEB-0666,1740.4027980196718
STARLINK-1979,STARLINK-6104,10434.946729030195
STARLINK-1979,GHOST-2,11639.178568529092
STARLINK-1979,STARLINK-30274,4373.513505836522
STARLINK-1979,STARLINK-30318,10451.416592412656
STARLINK-1979,YAOGAN-39,5860.713482104919
STARLINK-1979,STARLINK-30788,5250.779091588589
STARLINK-1979,STARLINK-31092,10368.612714421986
STARLINK-1979,STARLINK-31326,2374.187953893247
STARLINK-1979,STARLINK-31716,4675.125974051697
STARLINK-1979,STARLINK-32096,10420.991853748355
STARLINK-1979,STARLINK-11155,1885.332542289494
STARLINK-1979,STARLINK-32022,4171.001648940347
STARLINK-1979,STARLINK-32137,1893.2475087381172
STARLINK-1979,STARLINK-11224,4435.582290277978
STARLINK-1979,ONEWEB-0687,3987.8962557073933
STARLINK-1979,STARLINK-32650,3468.5659104021106
STARLINK-1979,STARLINK-32631,11856.705639462161
STARLINK-1979,STARLINK-32712,566.4592016920425
STARLINK-1979,STARLINK-32720,1930.972072189954
STARLINK-1979,STARLINK-33597,2282.6346044718334
STARLINK-1979,STARLINK-33579,1529.6282903074311
STARLINK-1979,STARLINK-33594,2055.8560033514323
STARLINK-1979,STARLINK-33585,1273.1098276872658
STARLINK-1979,STARLINK-32755,10354.047956715849
STARLINK-1979,STARLINK-32931,10215.87220847024
STARLINK-1979,STARLINK-33714,11269.299146303318
STARLINK-1979,STARLINK-33976,10329.97107480001
STARLINK-1655,USA,3201.3223630533985
STARLINK-1655,FREJA,10206.292375660341
STARLINK-1655,TIMED,11657.646921459858
STARLINK-1655,CYGFM01,6733.729323557118
STARLINK-1655,UWE-4,3232.759151975304
STARLINK-1655,STARLINK-1191,1169.1992825821526
STARLINK-1655,ASTROCAST-0101,5398.469756697953
STARLINK-1655,STARLINK-1979,714.9060970906185
STARLINK-1655,STARLINK-2399,5011.420537132411
STARLINK-1655,STARLINK-2637,1447.7883467938093
STARLINK-1655,STARLINK-2648,3241.989943091734
STARLINK-1655,MANDRAKE,9125.078422599116
STARLINK-1655,STARLINK-3304,5086.064936832183
STARLINK-1655,STARLINK-3305,4817.101636431015
STARLINK-1655,STARLINK-3245,4934.457891735461
STARLINK-1655,STARLINK-3291,4758.539277107752
STARLINK-1655,ELSA-D,12162.899971519804
STARLINK-1655,STARLINK-3555,1615.244430016221
STARLINK-1655,STARLINK-3504,1107.547113132088
STARLINK-1655,STARLINK-3813,1207.020809333678
STARLINK-1655,STARLINK-4580,1020.6346535468924
STARLINK-1655,STARLINK-4636,4990.877088361812
STARLINK-1655,STARLINK-4652,4799.501582167755
STARLINK-1655,STARLINK-4656,5279.776079011862
STARLINK-1655,STARLINK-5235,682.4046694279821
STARLINK-1655,STARLINK-5387,10221.27277642992
STARLINK-1655,STARLINK-5084,10364.978053838204
STARLINK-1655,STARLINK-5310,12495.811341641718
STARLINK-1655,ONEWEB-0666,1797.707543849476
STARLINK-1655,STARLINK-6104,10316.431564507502
STARLINK-1655,GHOST-2,11557.378473292574
STARLINK-1655,STARLINK-30274,4372.908219176186
STARLINK-1655,STARLINK-30318,10431.748721761873
STARLINK-1655,YAOGAN-39,5778.45353341361
STARLINK-1655,STARLINK-30788,5235.70831253001
STARLINK-1655,STARLINK-31092,10212.755988144427
STARLINK-1655,STARLINK-31326,1754.2786858036034
STARLINK-1655,STARLINK-31716,4726.758758453921
STARLINK-1655,STARLINK-32096,10295.681696782187
STARLINK-1655,STARLINK-11155,1425.7196643869831
STARLINK-1655,STARLINK-32022,4367.307451801469
STARLINK-1655,STARLINK-32137,1681.1557831169055
STARLINK-1655,STARLINK-11224,4356.323201392074
STARLINK-1655,ONEWEB-0687,4024.4750142044677
STARLINK-1655,STARLINK-32650,2964.245777392817
STARLINK-1655,STARLINK-32631,11834.79132988242
STARLINK-1655,STARLINK-32712,1166.7705654652607
STARLINK-1655,STARLINK-32720,1357.8209357012167
STARLINK-1655,STARLINK-33597,2559.9417612243974
STARLINK-1655,STARLINK-33579,1064.4573535841216
STARLINK-1655,STARLINK-33594,1447.197293188635
STARLINK-1655,STARLINK-33585,949.3170265630315
STARLINK-1655,STARLINK-32755,10222.920661585127
STARLINK-1655,STARLINK-32931,10124.89190401275
STARLINK-1655,STARLINK-33714,11229.035104808036
STARLINK-1655,STARLINK-33976,10194.028327331986
STARLINK-2399,USA,2401.2371169492026
STARLINK-2399,FREJA,8904.194973904228
STARLINK-2399,TIMED,13546.954584451045
STARLINK-2399,CYGFM01,6679.554371076047
STARLINK-2399,UWE-4,4225.62304667584
STARLINK-2399,STARLINK-1191,5233.094351885701
STARLINK-2399,ASTROCAST-0101,7696.308443548465
STARLINK-2399,STARLINK-1979,4952.615249079017
STARLINK-2399,STARLINK-1655,5011.420537132411
STARLINK-2399,STARLINK-2637,3663.812210458203
STARLINK-2399,STARLINK-2648,7261.825133965659
STARLINK-2399,MANDRAKE,11272.114202845756
STARLINK-2399,STARLINK-3304,348.07263664895396
STARLINK-2399,STARLINK-3305,552.7004457755692
STARLINK-2399,STARLINK-3245,459.2025253009808
STARLINK-2399,STARLINK-3291,404.87455521540465
STARLINK-2399,ELSA-D,11347.583743270883
STARLINK-2399,STARLINK-3555,3427.7483607507816
STARLINK-2399,STARLINK-3504,5117.771593242165
STARLINK-2399,STARLINK-3813,5805.049877184282
STARLINK-2399,STARLINK-4580,5782.2240962590795
STARLINK-2399,STARLINK-4636,309.3221843319672
STARLINK-2399,STARLINK-4652,298.0898425947598
STARLINK-2399,STARLINK-4656,646.2657672073517
STARLINK-2399,STARLINK-5235,4340.528950368729
STARLINK-2399,STARLINK-5387,11467.022222495589
STARLINK-2399,STARLINK-5084,10904.851406425401
STARLINK-2399,STARLINK-5310,12179.465989331633
STARLINK-2399,ONEWEB-0666,4511.567641846397
STARLINK-2399,STARLINK-6104,12068.010796889432
STARLINK-2399,GHOST-2,10235.195073649822
STARLINK-2399,STARLINK-30274,727.738782498546
STARLINK-2399,STARLINK-30318,10534.182934568975
STARLINK-2399,YAOGAN-39,5778.619985511197
STARLINK-2399,STARLINK-30788,589.9802608045193
STARLINK-2399,STARLINK-31092,11607.678394299144
STARLINK-2399,STARLINK-31326,6309.982284338365
STARLINK-2399,STARLINK-31716,290.53333272902876
STARLINK-2399,STARLINK-32096,10915.575216055686
STARLINK-2399,STARLINK-11155,6314.517176571097
STARLINK-2399,STARLINK-32022,1243.2867047275547
STARLINK-2399,STARLINK-32137,3412.123447670844
STARLINK-2399,STARLINK-11224,1120.321900917429
STARLINK-2399,ONEWEB-0687,2025.331401510959
STARLINK-2399,STARLINK-32650,4016.407731589996
STARLINK-2399,STARLINK-32631,10909.221876922385
STARLINK-2399,STARLINK-32712,4540.25404984759
STARLINK-2399,STARLINK-32720,6152.978694400202
STARLINK-2399,STARLINK-33597,2800.0701373117167
STARLINK-2399,STARLINK-33579,4197.715146909553
STARLINK-2399,STARLINK-33594,4479.48271797181
STARLINK-2399,STARLINK-33585,4116.853448472517
STARLINK-2399,STARLINK-32755,11728.534223406054
STARLINK-2399,STARLINK-32931,11326.538494731089
STARLINK-2399,STARLINK-33714,10161.640690014097
STARLINK-2399,STARLINK-33976,11335.340557223977
STARLINK-2637,USA,1813.700104210689
STARLINK-2637,FREJA,9621.5288563521
STARLINK-2637,TIMED,11947.635941094662
STARLINK-2637,CYGFM01,6420.5570147163835
STARLINK-2637,UWE-4,2651.0678363562997
STARLINK-2637,STARLINK-1191,2181.342256169574
STARLINK-2637,ASTROCAST-0101,5334.4646770449435
STARLINK-2637,STARLINK-1979,1291.5614919189898
STARLINK-2637,STARLINK-1655,1447.7883467938093
STARLINK-2637,STARLINK-2399,3663.812210458203
STARLINK-2637,STARLINK-2648,3849.4602908778684
STARLINK-2637,MANDRAKE,9648.03670167761
STARLINK-2637,STARLINK-3304,3783.088188151044
STARLINK-2637,STARLINK-3305,3415.455732622144
STARLINK-2637,STARLINK-3245,3650.8315614820053
STARLINK-2637,STARLINK-3291,3376.3651254980523
STARLINK-2637,ELSA-D,11790.735678356668
STARLINK-2637,STARLINK-3555,746.5593852151682
STARLINK-2637,STARLINK-3504,2068.6584342217043
STARLINK-2637,STARLINK-3813,2152.2040239891953
STARLINK-2637,STARLINK-4580,2121.3062689134226
STARLINK-2637,STARLINK-4636,3684.708476372954
STARLINK-2637,STARLINK-4652,3428.4543819540963
STARLINK-2637,STARLINK-4656,4010.3948886780736
STARLINK-2637,STARLINK-5235,898.3283200413447
STARLINK-2637,STARLINK-5387,10398.33739174774
STARLINK-2637,STARLINK-5084,10279.437374149136
STARLINK-2637,STARLINK-5310,12229.821324941642
STARLINK-2637,ONEWEB-0666,1660.1897991103097
STARLINK-2637,STARLINK-6104,10661.05037248495
STARLINK-2637,GHOST-2,11077.900389144992
STARLINK-2637,STARLINK-30274,3083.8206564806646
STARLINK-2637,STARLINK-30318,10251.176283934572
STARLINK-2637,YAOGAN-39,5416.580274494678
STARLINK-2637,STARLINK-30788,3961.0070032130957
STARLINK-2637,STARLINK-31092,10474.753277152455
STARLINK-2637,STARLINK-31326,3085.166084985817
STARLINK-2637,STARLINK-31716,3385.395020735019
STARLINK-2637,STARLINK-32096,10321.199078110849
STARLINK-2637,STARLINK-11155,2845.777338543837
STARLINK-2637,STARLINK-32022,2944.7396893324267
STARLINK-2637,STARLINK-32137,913.3062144799885
STARLINK-2637,STARLINK-11224,3168.339515184651
STARLINK-2637,ONEWEB-0687,2837.5434566839767
STARLINK-2637,STARLINK-32650,2831.730314895331
STARLINK-2637,STARLINK-32631,11417.87978401258
STARLINK-2637,STARLINK-32712,969.6040516958495
STARLINK-2637,STARLINK-32720,2767.7372333486537
STARLINK-2637,STARLINK-33597,1122.145466961643
STARLINK-2637,STARLINK-33579,1194.001446441623
STARLINK-2637,STARLINK-33594,1834.1430733359389
STARLINK-2637,STARLINK-33585,876.478338466261
STARLINK-2637,STARLINK-32755,10501.639171001667
STARLINK-2637,STARLINK-32931,10288.48647520269
STARLINK-2637,STARLINK-33714,10777.922453365916
STARLINK-2637,STARLINK-33976,10370.330341069443
STARLINK-2648,USA,5040.602947362973
STARLINK-2648,FREJA,11348.694001233469
STARLINK-2648,TIMED,11228.5960958202
STARLINK-2648,CYGFM01,8236.972287944887
STARLINK-2648,UWE-4,4698.321332153482
STARLINK-2648,STARLINK-1191,4241.433796455852
STARLINK-2648,ASTROCAST-0101,3422.468502857264
STARLINK-2648,STARLINK-1979,2739.345142958103
STARLINK-2648,STARLINK-1655,3241.989943091734
STARLINK-2648,STARLINK-2399,7261.825133965659
STARLINK-2648,STARLINK-2637,3849.4602908778684
STARLINK-2648,MANDRAKE,10012.736527887884
STARLINK-2648,STARLINK-3304,7455.862137020628
STARLINK-2648,STARLINK-3305,6875.846123904224
STARLINK-2648,STARLINK-3245,7355.688466812626
STARLINK-2648,STARLINK-3291,6904.430032757506
STARLINK-2648,ELSA-D,13287.45022229626
STARLINK-2648,STARLINK-3555,4473.076249551274
STARLINK-2648,STARLINK-3504,4229.94426957336
STARLINK-2648,STARLINK-3813,2040.902558162938
STARLINK-2648,STARLINK-4580,2270.1397599606853
STARLINK-2648,STARLINK-4636,7356.711854329924
STARLINK-2648,STARLINK-4652,6984.730803620534
STARLINK-2648,STARLINK-4656,7720.948984483211
STARLINK-2648,STARLINK-5235,3724.08609376244
STARLINK-2648,STARLINK-5387,10819.824819547972
STARLINK-2648,STARLINK-5084,10874.54242426743
STARLINK-2648,STARLINK-5310,13261.324770103818
STARLINK-2648,ONEWEB-0666,3834.973941413674
STARLINK-2648,STARLINK-6104,10784.092399406292
STARLINK-2648,GHOST-2,13047.275043029333
STARLINK-2648,STARLINK-30274,6801.033059054882
STARLINK-2648,STARLINK-30318,11246.256116337992
STARLINK-2648,YAOGAN-39,7429.439548884362
STARLINK-2648,STARLINK-30788,7665.441567498256
STARLINK-2648,STARLINK-31092,10993.005075493256
STARLINK-2648,STARLINK-31326,4067.778210499226
STARLINK-2648,STARLINK-31716,7009.039413457359
STARLINK-2648,STARLINK-32096,11292.071172719623
STARLINK-2648,STARLINK-11155,3313.458988615253
STARLINK-2648,STARLINK-32022,6254.523513417704
STARLINK-2648,STARLINK-32137,4608.627572728469
STARLINK-2648,STARLINK-11224,6956.130768143623
STARLINK-2648,ONEWEB-0687,6305.283719745624
STARLINK-2648,STARLINK-32650,6109.384231209063
STARLINK-2648,STARLINK-32631,12956.232426836861
STARLINK-2648,STARLINK-32712,2881.8230025342723
STARLINK-2648,STARLINK-32720,3611.3579587425966
STARLINK-2648,STARLINK-33597,4467.485646415904
STARLINK-2648,STARLINK-33579,4246.6998832855
STARLINK-2648,STARLINK-33594,4688.326271552959
STARLINK-2648,STARLINK-33585,4010.789940285444
STARLINK-2648,STARLINK-32755,10860.131877814547
STARLINK-2648,STARLINK-32931,10758.386433351267
STARLINK-2648,STARLINK-33714,12503.131603299395
STARLINK-2648,STARLINK-33976,11014.847064942203
MANDRAKE,USA,11044.847826042153
MANDRAKE,FREJA,7429.1047498936505
MANDRAKE,TIMED,5312.41938038833
MANDRAKE,CYGFM01,5357.144026426046
MANDRAKE,UWE-4,7770.3748570902435
MANDRAKE,STARLINK-1191,8928.638983995495
MANDRAKE,ASTROCAST-0101,9471.073221099277
MANDRAKE,STARLINK-1979,9378.783943584003
MANDRAKE,STARLINK-1655,9125.078422599116
MANDRAKE,STARLINK-2399,11272.114202845756
MANDRAKE,STARLINK-2637,9648.03670167761
MANDRAKE,STARLINK-2648,10012.736527887884
MANDRAKE,STARLINK-3304,11250.023762067196
MANDRAKE,STARLINK-3305,11252.418911855888
MANDRAKE,STARLINK-3245,11147.314270280642
MANDRAKE,STARLINK-3291,11169.092954996591
MANDRAKE,ELSA-D,7063.628245643289
MANDRAKE,STARLINK-3555,9517.06583361381
MANDRAKE,STARLINK-3504,8920.387920727962
MANDRAKE,STARLINK-3813,9282.682210157614
MANDRAKE,STARLINK-4580,9126.619406798307
MANDRAKE,STARLINK-4636,11205.321446870836
MANDRAKE,STARLINK-4652,11191.301075789183
MANDRAKE,STARLINK-4656,11325.541190485123
MANDRAKE,STARLINK-5235,9298.383990370441
MANDRAKE,STARLINK-5387,2944.818829995306
MANDRAKE,STARLINK-5084,4767.035382915223
MANDRAKE,STARLINK-5310,6745.636883858597
MANDRAKE,ONEWEB-0666,10871.780804819322
MANDRAKE,STARLINK-6104,2269.4228371077784
MANDRAKE,GHOST-2,7456.032951758553
MANDRAKE,STARLINK-30274,10756.411322619491
MANDRAKE,STARLINK-30318,5068.312087442696
MANDRAKE,YAOGAN-39,5855.152812129745
MANDRAKE,STARLINK-30788,11260.79723834571
MANDRAKE,STARLINK-31092,2184.5419054830636
MANDRAKE,STARLINK-31326,8326.719350485866
MANDRAKE,STARLINK-31716,11056.078722052007
MANDRAKE,STARLINK-32096,3581.372201791726
MANDRAKE,STARLINK-11155,8435.577048014376
MANDRAKE,STARLINK-32022,10754.536403074773
MANDRAKE,STARLINK-32137,9482.668713822395
MANDRAKE,STARLINK-11224,10443.667686972241
MANDRAKE,ONEWEB-0687,11821.926367938371
MANDRAKE,STARLINK-32650,8482.751741253966
MANDRAKE,STARLINK-32631,7156.270565449479
MANDRAKE,STARLINK-32712,9543.499673168735
MANDRAKE,STARLINK-32720,8643.084578587663
MANDRAKE,STARLINK-33597,10096.449219954706
MANDRAKE,STARLINK-33579,9206.461549618387
MANDRAKE,STARLINK-33594,9080.798882191111
MANDRAKE,STARLINK-33585,9279.813504270858
MANDRAKE,STARLINK-32755,2272.2490380200293
MANDRAKE,STARLINK-32931,2943.5288888028394
MANDRAKE,STARLINK-33714,7030.24152928264
MANDRAKE,STARLINK-33976,2674.8407375598426
STARLINK-3304,USA,2610.01827390271
STARLINK-3304,FREJA,8937.681363553109
STARLINK-3304,TIMED,13648.072500695385
STARLINK-3304,CYGFM01,6687.740552681461
STARLINK-3304,UWE-4,4362.270878832966
STARLINK-3304,STARLINK-1191,5229.966847501472
STARLINK-3304,ASTROCAST-0101,7958.632072690536
STARLINK-3304,STARLINK-1979,5074.558264560403
STARLINK-3304,STARLINK-1655,5086.064936832183
STARLINK-3304,STARLINK-2399,348.07263664895396
STARLINK-3304,STARLINK-2637,3783.088188151044
STARLINK-3304,STARLINK-2648,7455.862137020628
STARLINK-3304,MANDRAKE,11250.023762067196
STARLINK-3304,STARLINK-3305,895.1655953218085
STARLINK-3304,STARLINK-3245,193.1201754069109
STARLINK-3304,STARLINK-3291,727.2778059055389
STARLINK-3304,ELSA-D,11345.90666350447
STARLINK-3304,STARLINK-3555,3481.702097706822
STARLINK-3304,STARLINK-3504,5117.1563440379805
STARLINK-3304,STARLINK-3813,5933.781343162541
STARLINK-3304,STARLINK-4580,5896.386503295723
STARLINK-3304,STARLINK-4636,99.75617469917152
STARLINK-3304,STARLINK-4652,614.4540307192077
STARLINK-3304,STARLINK-4656,311.3046094985941
STARLINK-3304,STARLINK-5235,4408.44537891994
STARLINK-3304,STARLINK-5387,11491.68173986289
STARLINK-3304,STARLINK-5084,10961.92505443635
STARLINK-3304,STARLINK-5310,12209.769787672416
STARLINK-3304,ONEWEB-0666,4604.974091413586
STARLINK-3304,STARLINK-6104,12090.463139467949
STARLINK-3304,GHOST-2,10197.77714912144
STARLINK-3304,STARLINK-30274,720.221816220858
STARLINK-3304,STARLINK-30318,10566.21274153685
STARLINK-3304,YAOGAN-39,5792.610317572273
STARLINK-3304,STARLINK-30788,254.7869693903072
STARLINK-3304,STARLINK-31092,11606.495349751485
STARLINK-3304,STARLINK-31326,6313.626438640407
STARLINK-3304,STARLINK-31716,474.42900499932387
STARLINK-3304,STARLINK-32096,10909.632500543632
STARLINK-3304,STARLINK-11155,6359.88957124138
STARLINK-3304,STARLINK-32022,1544.9816801343536
STARLINK-3304,STARLINK-32137,3449.53435760441
STARLINK-3304,STARLINK-11224,968.6849204414215
STARLINK-3304,ONEWEB-0687,2078.714860885437
STARLINK-3304,STARLINK-32650,3896.995896358815
STARLINK-3304,STARLINK-32631,10914.456442427097
STARLINK-3304,STARLINK-32712,4688.813978908733
STARLINK-3304,STARLINK-32720,6181.066362375548
STARLINK-3304,STARLINK-33597,2990.528824151466
STARLINK-3304,STARLINK-33579,4223.4039013090105
STARLINK-3304,STARLINK-33594,4457.267754303612
STARLINK-3304,STARLINK-33585,4170.264545511954
STARLINK-3304,STARLINK-32755,11740.542142269305
STARLINK-3304,STARLINK-32931,11349.598972942591
STARLINK-3304,STARLINK-33714,10154.515870430625
STARLINK-3304,STARLINK-33976,11337.100667117074
STARLINK-3305,USA,2041.8095816979824
STARLINK-3305,FREJA,8886.618088160552
STARLINK-3305,TIMED,13349.13030466373
STARLINK-3305,CYGFM01,6662.043869869513
STARLINK-3305,UWE-4,3975.2091342486283
STARLINK-3305,STARLINK-1191,5159.060724751395
STARLINK-3305,ASTROCAST-0101,7229.098945237524
STARLINK-3305,STARLINK-1979,4685.2921296640825
STARLINK-3305,STARLINK-1655,4817.101636431015
STARLINK-3305,STARLINK-2399,552.7004457755692
STARLINK-3305,STARLINK-2637,3415.455732622144
STARLINK-3305,STARLINK-2648,6875.846123904224
STARLINK-3305,MANDRAKE,11252.418911855888
STARLINK-3305,STARLINK-3304,895.1655953218085
STARLINK-3305,STARLINK-3245,963.0468098595902
STARLINK-3305,STARLINK-3291,203.85179952929022
STARLINK-3305,ELSA-D,11369.933774734538
STARLINK-3305,STARLINK-3555,3287.8866764123113
STARLINK-3305,STARLINK-3504,5040.86583772437
STARLINK-3305,STARLINK-3813,5521.450313046383
STARLINK-3305,STARLINK-4580,5521.060283350738
STARLINK-3305,STARLINK-4636,836.3913171279745
STARLINK-3305,STARLINK-4652,301.7895129654575
STARLINK-3305,STARLINK-4656,1198.611030146933
STARLINK-3305,STARLINK-5235,4163.847483012566
STARLINK-3305,STARLINK-5387,11398.171117246304
STARLINK-3305,STARLINK-5084,10804.084658833106
STARLINK-3305,STARLINK-5310,12141.464021369158
STARLINK-3305,ONEWEB-0666,4299.608180408972
STARLINK-3305,STARLINK-6104,11991.127876694673
STARLINK-3305,GHOST-2,10323.540687663544
STARLINK-3305,STARLINK-30274,930.2339244942045
STARLINK-3305,STARLINK-30318,10481.66796352097
STARLINK-3305,YAOGAN-39,5749.095405750064
STARLINK-3305,STARLINK-30788,1141.0820137273165
STARLINK-3305,STARLINK-31092,11573.863274122941
STARLINK-3305,STARLINK-31326,6217.84886032702
STARLINK-3305,STARLINK-31716,537.3867268425835
STARLINK-3305,STARLINK-32096,10906.787095051497
STARLINK-3305,STARLINK-11155,6156.938189565089
STARLINK-3305,STARLINK-32022,772.2471638394562
STARLINK-3305,STARLINK-32137,3299.021832765083
STARLINK-3305,STARLINK-11224,1422.6201079349355
STARLINK-3305,ONEWEB-0687,1978.5737212987317
STARLINK-3305,STARLINK-32650,4147.098996651182
STARLINK-3305,STARLINK-32631,10924.147474577052
STARLINK-3305,STARLINK-32712,4235.542633615397
STARLINK-3305,STARLINK-32720,6022.964888211811
STARLINK-3305,STARLINK-33597,2453.813926916114
STARLINK-3305,STARLINK-33579,4089.7413204849727
STARLINK-3305,STARLINK-33594,4443.765074861286
STARLINK-3305,STARLINK-33585,3966.1086896083857
STARLINK-3305,STARLINK-32755,11672.65040392861
STARLINK-3305,STARLINK-32931,11261.028294276022
STARLINK-3305,STARLINK-33714,10198.313849403781
STARLINK-3305,STARLINK-33976,11302.917829760325
STARLINK-3245,USA,2534.331336863538
STARLINK-3245,FREJA,8966.39351130204
STARLINK-3245,TIMED,13598.503401981476
STARLINK-3245,CYGFM01,6643.388888447162
STARLINK-3245,UWE-4,4284.662583276497
STARLINK-3245,STARLINK-1191,5055.302604794112
STARLINK-3245,ASTROCAST-0101,7922.0582989904615
STARLINK-3245,STARLINK-1979,4941.206987053887
STARLINK-3245,STARLINK-1655,4934.457891735461
STARLINK-3245,STARLINK-2399,459.2025253009808
STARLINK-3245,STARLINK-2637,3650.8315614820053
STARLINK-3245,STARLINK-2648,7355.688466812626
STARLINK-3245,MANDRAKE,11147.314270280642
STARLINK-3245,STARLINK-3304,193.1201754069109
STARLINK-3245,STARLINK-3305,963.0468098595902
STARLINK-3245,STARLINK-3291,774.5722617818575
STARLINK-3245,ELSA-D,11354.285310716692
STARLINK-3245,STARLINK-3555,3325.5332641536975
STARLINK-3245,STARLINK-3504,4943.285764494253
STARLINK-3245,STARLINK-3813,5802.552240702197
STARLINK-3245,STARLINK-4580,5759.250947648409
STARLINK-3245,STARLINK-4636,156.19076294846204
STARLINK-3245,STARLINK-4652,664.0648941638217
STARLINK-3245,STARLINK-4656,365.31907068314956
STARLINK-3245,STARLINK-5235,4255.192043150327
STARLINK-3245,STARLINK-5387,11434.195363234674
STARLINK-3245,STARLINK-5084,10936.914601183169
STARLINK-3245,STARLINK-5310,12211.646859975106
STARLINK-3245,ONEWEB-0666,4466.909444375323
STARLINK-3245,STARLINK-6104,12017.304316715012
STARLINK-3245,GHOST-2,10211.19709683092
STARLINK-3245,STARLINK-30274,579.6957370822281
STARLINK-3245,STARLINK-30318,10547.670745166286
STARLINK-3245,YAOGAN-39,5737.655528698431
STARLINK-3245,STARLINK-30788,317.6967971988547
STARLINK-3245,STARLINK-31092,11536.15528520564
STARLINK-3245,STARLINK-31326,6141.5741906403355
STARLINK-3245,STARLINK-31716,468.8637518241508
STARLINK-3245,STARLINK-32096,10862.013506812187
STARLINK-3245,STARLINK-11155,6199.169940908441
STARLINK-3245,STARLINK-32022,1561.8544309565202
STARLINK-3245,STARLINK-32137,3288.2174769712724
STARLINK-3245,STARLINK-11224,798.2633573970991
STARLINK-3245,ONEWEB-0687,1980.7741778118573
STARLINK-3245,STARLINK-32650,3716.354246200035
STARLINK-3245,STARLINK-32631,10927.798942805235
STARLINK-3245,STARLINK-32712,4568.164461373567
STARLINK-3245,STARLINK-32720,6014.457395481644
STARLINK-3245,STARLINK-33597,2896.5920105324894
STARLINK-3245,STARLINK-33579,4057.2832753321686
STARLINK-3245,STARLINK-33594,4278.969796354891
STARLINK-3245,STARLINK-33585,4012.6814044880066
STARLINK-3245,STARLINK-32755,11671.144437515091
STARLINK-3245,STARLINK-32931,11292.633909459435
STARLINK-3245,STARLINK-33714,10166.86743908756
STARLINK-3245,STARLINK-33976,11275.383791071554
STARLINK-3291,USA,2065.6890023394635
STARLINK-3291,FREJA,8877.396919294453
STARLINK-3291,TIMED,13344.444487533907
STARLINK-3291,CYGFM01,6606.526062211965
STARLINK-3291,UWE-4,3959.574309361587
STARLINK-3291,STARLINK-1191,5058.173189562641
STARLINK-3291,ASTROCAST-0101,7313.5882329882315
STARLINK-3291,STARLINK-1979,4656.4108549681205
STARLINK-3291,STARLINK-1655,4758.539277107752
STARLINK-3291,STARLINK-2399,404.87455521540465
STARLINK-3291,STARLINK-2637,3376.3651254980523
STARLINK-3291,STARLINK-2648,6904.430032757506
STARLINK-3291,MANDRAKE,11169.092954996591
STARLINK-3291,STARLINK-3304,727.2778059055389
