Satellite 1,Satellite 2,Distance
SSD,USA,4485.192037650531
SSD,CANX-1,1587.7171640442318
SSD,GLAST,7661.042768589577
SSD,RE,11105.568396606757
SSD,YAOGAN,3021.7152441657627
SSD,AEROCUBE,10025.00097601338
SSD,STARLINK-2031,5945.755259263901
SSD,ONEWEB-0218,3997.125511494259
SSD,STARLINK-2497,3074.422087954273
SSD,ONEWEB-0415,3523.333740263956
SSD,STARLINK-3801,983.9571421225656
SSD,STARLINK-3894,5960.59822279003
SSD,ONEWEB-0505,4960.167317029312
SSD,ONEWEB-0526,3897.083968389675
SSD,ONEWEB-0529,4087.8552284584835
SSD,STARLINK-5493,9751.055091513621
SSD,STARLINK-5652,9795.021214281263
SSD,ONEWEB-0646,3875.675059294826
SSD,STARLINK-5968,10333.90150770978
SSD,STARLINK-5941,10237.13882386047
SSD,STARLINK-6238,10764.561019291019
SSD,ION,10263.125926553485
SSD,STARLINK-6150,10023.572062634092
SSD,STARLINK-30344,11594.46368094645
SSD,STARLINK-30362,11689.394475214842
SSD,STARLINK-30432,9901.938337416806
SSD,STARLINK-30441,9890.23522108965
SSD,STARLINK-30895,9903.144235844227
SSD,STARLINK-30900,10330.283671562333
SSD,STARLINK-31088,11568.629815321112
SSD,STARLINK-31082,11485.78922794438
SSD,STARLINK-31117,4397.031743128733
SSD,STARLINK-31586,968.5703618995268
SSD,STARLINK-31604,843.3839560001834
SSD,STARLINK-31433,11971.343185226022
SSD,STARLINK-31655,2445.5128598389156
SSD,STARLINK-31489,10571.786665645814
SSD,STARLINK-31464,10100.471587908236
SSD,STARLINK-31649,3071.077750364225
SSD,STARLINK-32261,2232.8821504795583
SSD,STARLINK-32349,1110.0297685453513
SSD,STARLINK-32415,9839.466442184266
SSD,STARLINK-32456,10724.468776550306
SSD,STARLINK-11426,1109.7697685703895
SSD,STARLINK-11406,11405.215339703447
SSD,STARLINK-32907,11530.559438935587
SSD,STARLINK-33837,9104.114275480963
SSD,STARLINK-11685,1452.4119088792918
USA,SSD,4485.192037650531
USA,CANX-1,4318.875538112657
USA,GLAST,8051.853304119431
USA,RE,13261.742055564348
USA,YAOGAN,7261.929474256759
USA,AEROCUBE,10410.977229078606
USA,STARLINK-2031,4624.755101845859
USA,ONEWEB-0218,2754.9269995153927
USA,STARLINK-2497,4793.785442340452
USA,ONEWEB-0415,2083.490715716613
USA,STARLINK-3801,3802.068911178431
USA,STARLINK-3894,4587.254762482747
USA,ONEWEB-0505,2469.901802543682
USA,ONEWEB-0526,2814.8883320112295
USA,ONEWEB-0529,2798.192578593158
USA,STARLINK-5493,11848.7144858477
USA,STARLINK-5652,12142.958215996285
USA,ONEWEB-0646,2792.3659795142958
USA,STARLINK-5968,11613.229431556945
USA,STARLINK-5941,11587.789138963504
USA,STARLINK-6238,12213.097880351383
USA,ION,9280.886940818455
USA,STARLINK-6150,12305.25314034388
USA,STARLINK-30344,12387.851900138796
USA,STARLINK-30362,12616.944977147616
USA,STARLINK-30432,11928.163605872214
USA,STARLINK-30441,12387.347357251872
USA,STARLINK-30895,11086.330625899185
USA,STARLINK-30900,11492.36717169055
USA,STARLINK-31088,12381.065472560947
USA,STARLINK-31082,12588.833344608442
USA,STARLINK-31117,3559.9860276996947
USA,STARLINK-31586,4776.82466463875
USA,STARLINK-31604,4495.917677845877
USA,STARLINK-31433,13256.163498418258
USA,STARLINK-31655,4804.8169874333935
USA,STARLINK-31489,12105.474597006276
USA,STARLINK-31464,12432.95156661896
USA,STARLINK-31649,2473.220346482966
USA,STARLINK-32261,4197.837316277162
USA,STARLINK-32349,3480.9494746792716
USA,STARLINK-32415,12417.680918568658
USA,STARLINK-32456,11184.129822719096
USA,STARLINK-11426,3462.7362787426987
USA,STARLINK-11406,12239.531271252643
USA,STARLINK-32907,13308.341083985024
USA,STARLINK-33837,11587.364700881628
USA,STARLINK-11685,5623.14087008241
CANX-1,SSD,1587.7171640442318
CANX-1,USA,4318.875538112657
CANX-1,GLAST,7199.019410733923
CANX-1,RE,12203.38064367416
CANX-1,YAOGAN,4266.363415023993
CANX-1,AEROCUBE,10243.269162066832
CANX-1,STARLINK-2031,5149.882595571568
CANX-1,ONEWEB-0218,2878.7896080295995
CANX-1,STARLINK-2497,2046.6374758500442
CANX-1,ONEWEB-0415,2785.600519337323
CANX-1,STARLINK-3801,931.998828975996
CANX-1,STARLINK-3894,5174.287332909892
CANX-1,ONEWEB-0505,4052.0564419449383
CANX-1,ONEWEB-0526,2758.7631302467435
CANX-1,ONEWEB-0529,2960.900711441928
CANX-1,STARLINK-5493,10810.068425061223
CANX-1,STARLINK-5652,10819.206122946971
CANX-1,ONEWEB-0646,2745.062831215813
CANX-1,STARLINK-5968,11733.482159853736
CANX-1,STARLINK-5941,11620.29728859842
CANX-1,STARLINK-6238,11238.268523038574
CANX-1,ION,10695.729753012263
CANX-1,STARLINK-6150,10910.599811775795
CANX-1,STARLINK-30344,12163.137843767277
CANX-1,STARLINK-30362,12222.831578793124
CANX-1,STARLINK-30432,10867.04349987858
CANX-1,STARLINK-30441,10861.822515408388
CANX-1,STARLINK-30895,11325.480467412099
CANX-1,STARLINK-30900,11693.469332578756
CANX-1,STARLINK-31088,12132.828002684288
CANX-1,STARLINK-31082,12041.916158080907
CANX-1,STARLINK-31117,3770.327601536049
CANX-1,STARLINK-31586,862.1115473327095
CANX-1,STARLINK-31604,2384.4383669309727
CANX-1,STARLINK-31433,12393.521716234767
CANX-1,STARLINK-31655,1428.828324457858
CANX-1,STARLINK-31489,11294.261805721282
CANX-1,STARLINK-31464,10957.352440507964
CANX-1,STARLINK-31649,3713.9058494452115
CANX-1,STARLINK-32261,1299.8298757853754
CANX-1,STARLINK-32349,1276.6259654471307
CANX-1,STARLINK-32415,10824.719328378415
CANX-1,STARLINK-32456,11117.946843274438
CANX-1,STARLINK-11426,1445.669948126564
CANX-1,STARLINK-11406,11965.29863745676
CANX-1,STARLINK-32907,12660.144242186185
CANX-1,STARLINK-33837,10414.128076185441
CANX-1,STARLINK-11685,2849.0651262686647
GLAST,SSD,7661.042768589577
GLAST,USA,8051.853304119431
GLAST,CANX-1,7199.019410733923
GLAST,RE,10570.07410758186
GLAST,YAOGAN,8653.255444472268
GLAST,AEROCUBE,4633.732435191578
GLAST,STARLINK-2031,3968.681655591387
GLAST,ONEWEB-0218,7124.852890061616
GLAST,STARLINK-2497,5244.816082682542
GLAST,ONEWEB-0415,7963.208138497127
GLAST,STARLINK-3801,7265.91027478188
GLAST,STARLINK-3894,4007.9179618395256
GLAST,ONEWEB-0505,6644.74807735109
GLAST,ONEWEB-0526,7144.576019368028
GLAST,ONEWEB-0529,6989.347812768535
GLAST,STARLINK-5493,9236.023226670637
GLAST,STARLINK-5652,9233.752136821138
GLAST,ONEWEB-0646,7171.909972585226
GLAST,STARLINK-5968,12108.830626875584
GLAST,STARLINK-5941,11853.011546652313
GLAST,STARLINK-6238,6614.885827574597
GLAST,ION,6865.098708769394
GLAST,STARLINK-6150,8617.437598087316
GLAST,STARLINK-30344,7560.556917139743
GLAST,STARLINK-30362,7466.670401013072
GLAST,STARLINK-30432,8766.914407052824
GLAST,STARLINK-30441,9148.514268535971
GLAST,STARLINK-30895,12057.050017101034
GLAST,STARLINK-30900,11801.637046847367
GLAST,STARLINK-31088,7516.978470036515
GLAST,STARLINK-31082,7448.511339266041
GLAST,STARLINK-31117,4584.786761002102
GLAST,STARLINK-31586,7410.45835234309
GLAST,STARLINK-31604,8111.845058228451
GLAST,STARLINK-31433,7291.651640686717
GLAST,STARLINK-31655,5852.4137899550515
GLAST,STARLINK-31489,7721.647608458569
GLAST,STARLINK-31464,8567.777055285509
GLAST,STARLINK-31649,8903.89080832551
GLAST,STARLINK-32261,5918.065574718473
GLAST,STARLINK-32349,7271.31799323082
GLAST,STARLINK-32415,9261.123417798504
GLAST,STARLINK-32456,6006.898282853096
GLAST,STARLINK-11426,7162.857116628096
GLAST,STARLINK-11406,7366.235988157026
GLAST,STARLINK-32907,10937.866656840397
GLAST,STARLINK-33837,10609.20675001726
GLAST,STARLINK-11685,7787.435848114213
RE,SSD,11105.568396606757
RE,USA,13261.742055564348
RE,CANX-1,12203.38064367416
RE,GLAST,10570.07410758186
RE,YAOGAN,9255.76751510871
RE,AEROCUBE,7591.759175967634
RE,STARLINK-2031,12586.971666304962
RE,ONEWEB-0218,13868.781173986741
RE,STARLINK-2497,11747.90824957846
RE,ONEWEB-0415,13729.6101001257
RE,STARLINK-3801,11689.743935439088
RE,STARLINK-3894,12593.767741357586
RE,ONEWEB-0505,13863.128817569213
RE,ONEWEB-0526,13835.989325245528
RE,ONEWEB-0529,13851.503701477668
RE,STARLINK-5493,1468.519938422456
RE,STARLINK-5652,1570.1345813846556
RE,ONEWEB-0646,13832.055789401616
RE,STARLINK-5968,4986.519745373034
RE,STARLINK-5941,4615.585852676547
RE,STARLINK-6238,5327.833241583331
RE,ION,8581.68051310693
RE,STARLINK-6150,2263.420696932613
RE,STARLINK-30344,5467.090856889893
RE,STARLINK-30362,5525.154776759235
RE,STARLINK-30432,1807.469786944006
RE,STARLINK-30441,1963.2281653018606
RE,STARLINK-30895,5582.0684914611375
RE,STARLINK-30900,4826.860062945436
RE,STARLINK-31088,5462.273065377971
RE,STARLINK-31082,5156.4366936048855
RE,STARLINK-31117,11819.653189328008
RE,STARLINK-31586,11609.967794670316
RE,STARLINK-31604,10792.270749052357
RE,STARLINK-31433,6005.494765670344
RE,STARLINK-31655,11665.010805853766
RE,STARLINK-31489,3604.954144215702
RE,STARLINK-31464,2491.8935016354276
RE,STARLINK-31649,12168.966199070945
RE,STARLINK-32261,11650.843654977883
RE,STARLINK-32349,11623.433177461146
RE,STARLINK-32415,2045.1562860974827
RE,STARLINK-32456,6688.472335869077
RE,STARLINK-11426,11421.227299065995
RE,STARLINK-11406,5428.982279942345
RE,STARLINK-32907,1278.4652804277957
RE,STARLINK-33837,2957.171438968255
RE,STARLINK-11685,9888.398207640534
YAOGAN,SSD,3021.7152441657627
YAOGAN,USA,7261.929474256759
YAOGAN,CANX-1,4266.363415023993
YAOGAN,GLAST,8653.255444472268
YAOGAN,RE,9255.76751510871
YAOGAN,AEROCUBE,10107.59133843303
YAOGAN,STARLINK-2031,8194.89240902161
YAOGAN,ONEWEB-0218,6953.688650861619
YAOGAN,STARLINK-2497,5167.238767304557
YAOGAN,ONEWEB-0415,6542.448102582351
YAOGAN,STARLINK-3801,3956.4839940072243
YAOGAN,STARLINK-3894,8217.714570944892
YAOGAN,ONEWEB-0505,7832.979034477892
YAOGAN,ONEWEB-0526,6853.020305281482
YAOGAN,ONEWEB-0529,7027.223134573841
YAOGAN,STARLINK-5493,8079.404368000992
YAOGAN,STARLINK-5652,7975.181842088063
YAOGAN,ONEWEB-0646,6835.815365064728
YAOGAN,STARLINK-5968,8963.61333241112
YAOGAN,STARLINK-5941,8830.687488991756
YAOGAN,STARLINK-6238,9943.607623276992
YAOGAN,ION,10846.298055912754
YAOGAN,STARLINK-6150,8353.737952336747
YAOGAN,STARLINK-30344,10999.552223643228
YAOGAN,STARLINK-30362,11040.819288603823
YAOGAN,STARLINK-30432,8345.48805194818
YAOGAN,STARLINK-30441,8005.759459533653
YAOGAN,STARLINK-30895,8639.51246031546
YAOGAN,STARLINK-30900,9052.495924760626
YAOGAN,STARLINK-31088,10968.749734937526
YAOGAN,STARLINK-31082,10731.796845669844
YAOGAN,STARLINK-31117,6731.412361209477
YAOGAN,STARLINK-31586,3411.3287438423226
YAOGAN,STARLINK-31604,2847.6953700030213
YAOGAN,STARLINK-31433,11196.915744368232
YAOGAN,STARLINK-31655,4569.2429262698915
YAOGAN,STARLINK-31489,9488.181265044179
YAOGAN,STARLINK-31464,8418.015592247535
YAOGAN,STARLINK-31649,5430.240611078372
YAOGAN,STARLINK-32261,4650.693907491312
YAOGAN,STARLINK-32349,4086.7675889018024
YAOGAN,STARLINK-32415,7889.936566041338
YAOGAN,STARLINK-32456,10543.947033158945
YAOGAN,STARLINK-11426,4018.24401309998
YAOGAN,STARLINK-11406,10809.654942760208
YAOGAN,STARLINK-32907,9878.087445836925
YAOGAN,STARLINK-33837,7023.651119015543
YAOGAN,STARLINK-11685,1664.1776266866907
AEROCUBE,SSD,10025.00097601338
AEROCUBE,USA,10410.977229078606
AEROCUBE,CANX-1,10243.269162066832
AEROCUBE,GLAST,4633.732435191578
AEROCUBE,RE,7591.759175967634
AEROCUBE,YAOGAN,10107.59133843303
AEROCUBE,STARLINK-2031,7531.1072052514655
AEROCUBE,ONEWEB-0218,10533.81379683601
AEROCUBE,STARLINK-2497,8722.494120347901
AEROCUBE,ONEWEB-0415,10993.055257944592
AEROCUBE,STARLINK-3801,9955.319658494069
AEROCUBE,STARLINK-3894,7535.895275691041
AEROCUBE,ONEWEB-0505,9922.798828695233
AEROCUBE,ONEWEB-0526,10557.685944407345
AEROCUBE,ONEWEB-0529,10425.91746450916
AEROCUBE,STARLINK-5493,6547.176397706186
AEROCUBE,STARLINK-5652,6727.4133495670985
AEROCUBE,ONEWEB-0646,10573.837726344329
AEROCUBE,STARLINK-5968,9698.696919948126
AEROCUBE,STARLINK-5941,9404.405213326992
AEROCUBE,STARLINK-6238,3104.4728182332265
AEROCUBE,ION,4057.4330495398967
AEROCUBE,STARLINK-6150,5978.761912352346
AEROCUBE,STARLINK-30344,3110.037251713313
AEROCUBE,STARLINK-30362,3090.731983360512
AEROCUBE,STARLINK-30432,5916.555290835546
AEROCUBE,STARLINK-30441,6762.670900376844
AEROCUBE,STARLINK-30895,9878.511888333795
AEROCUBE,STARLINK-30900,9279.215021035798
AEROCUBE,STARLINK-31088,3077.4164390086607
AEROCUBE,STARLINK-31082,3249.523663253352
AEROCUBE,STARLINK-31117,7748.747460239983
AEROCUBE,STARLINK-31586,10169.548449200838
AEROCUBE,STARLINK-31604,10126.689139884222
AEROCUBE,STARLINK-31433,3470.9744584127197
AEROCUBE,STARLINK-31655,9127.575261668966
AEROCUBE,STARLINK-31489,4145.255792607693
AEROCUBE,STARLINK-31464,5978.047449462496
AEROCUBE,STARLINK-31649,10820.088201082372
AEROCUBE,STARLINK-32261,9070.377288716161
AEROCUBE,STARLINK-32349,9861.947898217708
AEROCUBE,STARLINK-32415,6975.64020111128
AEROCUBE,STARLINK-32456,1422.7694977677008
AEROCUBE,STARLINK-11426,9675.612632156623
AEROCUBE,STARLINK-11406,2957.626059422561
AEROCUBE,STARLINK-32907,7646.070029565838
AEROCUBE,STARLINK-33837,8668.355736132375
AEROCUBE,STARLINK-11685,9630.905332180386
STARLINK-2031,SSD,5945.755259263901
STARLINK-2031,USA,4624.755101845859
STARLINK-2031,CANX-1,5149.882595571568
STARLINK-2031,GLAST,3968.681655591387
STARLINK-2031,RE,12586.971666304962
STARLINK-2031,YAOGAN,8194.89240902161
STARLINK-2031,AEROCUBE,7531.1072052514655
STARLINK-2031,ONEWEB-0218,3717.5672471309335
STARLINK-2031,STARLINK-2497,3614.7608265572453
STARLINK-2031,ONEWEB-0415,4638.422277807157
STARLINK-2031,STARLINK-3801,5167.514465938077
STARLINK-2031,STARLINK-3894,71.91937359124577
STARLINK-2031,ONEWEB-0505,2832.619111467642
STARLINK-2031,ONEWEB-0526,3787.7870957125915
STARLINK-2031,ONEWEB-0529,3556.8608074165704
STARLINK-2031,STARLINK-5493,11131.213065603952
STARLINK-2031,STARLINK-5652,11285.707983805863
STARLINK-2031,ONEWEB-0646,3817.668430846716
STARLINK-2031,STARLINK-5968,12622.16414516127
STARLINK-2031,STARLINK-5941,12466.522660879422
STARLINK-2031,STARLINK-6238,9765.273479427313
STARLINK-2031,ION,7783.769126861089
STARLINK-2031,STARLINK-6150,11011.367780342493
STARLINK-2031,STARLINK-30344,10262.577566407372
STARLINK-2031,STARLINK-30362,10346.300417150824
STARLINK-2031,STARLINK-30432,10898.218461410113
STARLINK-2031,STARLINK-30441,11359.922531504197
STARLINK-2031,STARLINK-30895,12334.805708700389
STARLINK-2031,STARLINK-30900,12373.021208692342
STARLINK-2031,STARLINK-31088,10238.725852223824
STARLINK-2031,STARLINK-31082,10358.590043324442
STARLINK-2031,STARLINK-31117,1600.346604866822
STARLINK-2031,STARLINK-31586,5712.7691051204565
STARLINK-2031,STARLINK-31604,6409.115613413241
STARLINK-2031,STARLINK-31433,10609.324479262323
STARLINK-2031,STARLINK-31655,4264.7485902847975
STARLINK-2031,STARLINK-31489,10347.456678520708
STARLINK-2031,STARLINK-31464,11047.005947025873
STARLINK-2031,STARLINK-31649,6209.180428837335
STARLINK-2031,STARLINK-32261,4005.6153709373953
STARLINK-2031,STARLINK-32349,5074.2453284543535
STARLINK-2031,STARLINK-32415,11439.702425474008
STARLINK-2031,STARLINK-32456,8710.865072865116
STARLINK-2031,STARLINK-11426,5020.534713631519
STARLINK-2031,STARLINK-11406,10090.362684720661
STARLINK-2031,STARLINK-32907,12792.163400522993
STARLINK-2031,STARLINK-33837,11803.810565019652
STARLINK-2031,STARLINK-11685,6754.989687177595
ONEWEB-0218,SSD,3997.125511494259
ONEWEB-0218,USA,2754.9269995153927
ONEWEB-0218,CANX-1,2878.7896080295995
ONEWEB-0218,GLAST,7124.852890061616
ONEWEB-0218,RE,13868.781173986741
ONEWEB-0218,YAOGAN,6953.688650861619
ONEWEB-0218,AEROCUBE,10533.81379683601
ONEWEB-0218,STARLINK-2031,3717.5672471309335
ONEWEB-0218,STARLINK-2497,3014.2778667758203
ONEWEB-0218,ONEWEB-0415,1255.8460617875282
ONEWEB-0218,STARLINK-3801,3018.5122700640986
ONEWEB-0218,STARLINK-3894,3718.895819563909
ONEWEB-0218,ONEWEB-0505,1450.0967783944648
ONEWEB-0218,ONEWEB-0526,134.23429174424717
ONEWEB-0218,ONEWEB-0529,174.18654882190611
ONEWEB-0218,STARLINK-5493,12416.528778702279
ONEWEB-0218,STARLINK-5652,12545.229562679175
ONEWEB-0218,ONEWEB-0646,153.28814752564756
ONEWEB-0218,STARLINK-5968,13089.876737535442
ONEWEB-0218,STARLINK-5941,13001.762998321023
ONEWEB-0218,STARLINK-6238,12237.793210005546
ONEWEB-0218,ION,10415.274994152434
ONEWEB-0218,STARLINK-6150,12546.54620232171
ONEWEB-0218,STARLINK-30344,12855.681220935841
ONEWEB-0218,STARLINK-30362,12968.403804762764
ONEWEB-0218,STARLINK-30432,12396.97191597474
ONEWEB-0218,STARLINK-30441,12648.477496305157
ONEWEB-0218,STARLINK-30895,12643.665932881187
ONEWEB-0218,STARLINK-30900,12974.297091210508
ONEWEB-0218,STARLINK-31088,12833.128533774812
ONEWEB-0218,STARLINK-31082,12893.185758665168
ONEWEB-0218,STARLINK-31117,2811.4423540953658
ONEWEB-0218,STARLINK-31586,3683.0574094398494
ONEWEB-0218,STARLINK-31604,4503.242239406787
ONEWEB-0218,STARLINK-31433,13276.846297672497
ONEWEB-0218,STARLINK-31655,3128.2035980299283
ONEWEB-0218,STARLINK-31489,12456.108894221607
ONEWEB-0218,STARLINK-31464,12609.257077901537
ONEWEB-0218,STARLINK-31649,3947.2893470806343
ONEWEB-0218,STARLINK-32261,2714.5343054002133
ONEWEB-0218,STARLINK-32349,2953.649693781562
ONEWEB-0218,STARLINK-32415,12660.708266509993
ONEWEB-0218,STARLINK-32456,11541.678274651695
ONEWEB-0218,STARLINK-11426,3058.7939000908927
ONEWEB-0218,STARLINK-11406,12675.137935777804
ONEWEB-0218,STARLINK-32907,14144.379235751423
ONEWEB-0218,STARLINK-33837,12319.261032317616
ONEWEB-0218,STARLINK-11685,5357.573427709082
STARLINK-2497,SSD,3074.422087954273
STARLINK-2497,USA,4793.785442340452
STARLINK-2497,CANX-1,2046.6374758500442
STARLINK-2497,GLAST,5244.816082682542
STARLINK-2497,RE,11747.90824957846
STARLINK-2497,YAOGAN,5167.238767304557
STARLINK-2497,AEROCUBE,8722.494120347901
STARLINK-2497,STARLINK-2031,3614.7608265572453
STARLINK-2497,ONEWEB-0218,3014.2778667758203
STARLINK-2497,ONEWEB-0415,3615.20279665773
STARLINK-2497,STARLINK-3801,2451.313651740982
STARLINK-2497,STARLINK-3894,3657.6879562477425
STARLINK-2497,ONEWEB-0505,3675.4809792106284
STARLINK-2497,ONEWEB-0526,2943.092146439802
STARLINK-2497,ONEWEB-0529,2977.208540037493
STARLINK-2497,STARLINK-5493,10313.967336480298
STARLINK-2497,STARLINK-5652,10298.938046950236
STARLINK-2497,ONEWEB-0646,2956.2644076838055
STARLINK-2497,STARLINK-5968,11900.535837941075
STARLINK-2497,STARLINK-5941,11738.211414393556
STARLINK-2497,STARLINK-6238,9943.533054831236
STARLINK-2497,ION,9611.00249473391
STARLINK-2497,STARLINK-6150,10186.763215594277
STARLINK-2497,STARLINK-30344,10950.011698887572
STARLINK-2497,STARLINK-30362,10964.454300838905
STARLINK-2497,STARLINK-30432,10222.520432240846
STARLINK-2497,STARLINK-30441,10289.00903682505
STARLINK-2497,STARLINK-30895,11586.341029299127
STARLINK-2497,STARLINK-30900,11781.0035305607
STARLINK-2497,STARLINK-31088,10914.42990882572
STARLINK-2497,STARLINK-31082,10811.556085767164
STARLINK-2497,STARLINK-31117,2534.2131234442513
STARLINK-2497,STARLINK-31586,2480.0738685017773
STARLINK-2497,STARLINK-31604,3811.0323302358956
STARLINK-2497,STARLINK-31433,11019.793628291489
STARLINK-2497,STARLINK-31655,728.1450661360393
STARLINK-2497,STARLINK-31489,10285.32891285781
STARLINK-2497,STARLINK-31464,10201.000551286756
STARLINK-2497,STARLINK-31649,4963.35353483838
STARLINK-2497,STARLINK-32261,923.2268574146754
STARLINK-2497,STARLINK-32349,2617.6089815114956
STARLINK-2497,STARLINK-32415,10287.138746649365
STARLINK-2497,STARLINK-32456,9749.34974697284
STARLINK-2497,STARLINK-11426,2634.4414835672537
STARLINK-2497,STARLINK-11406,10744.9678919376
STARLINK-2497,STARLINK-32907,12220.910100028113
STARLINK-2497,STARLINK-33837,10415.353507961057
STARLINK-2497,STARLINK-11685,3867.600015095863
ONEWEB-0415,SSD,3523.333740263956
ONEWEB-0415,USA,2083.490715716613
ONEWEB-0415,CANX-1,2785.600519337323
ONEWEB-0415,GLAST,7963.208138497127
ONEWEB-0415,RE,13729.6101001257
ONEWEB-0415,YAOGAN,6542.448102582351
ONEWEB-0415,AEROCUBE,10993.055257944592
ONEWEB-0415,STARLINK-2031,4638.422277807157
ONEWEB-0415,ONEWEB-0218,1255.8460617875282
ONEWEB-0415,STARLINK-2497,3615.20279665773
ONEWEB-0415,STARLINK-3801,2645.829266185645
ONEWEB-0415,STARLINK-3894,4629.890955027259
ONEWEB-0415,ONEWEB-0505,2196.6465804837653
ONEWEB-0415,ONEWEB-0526,1228.9068280182446
ONEWEB-0415,ONEWEB-0529,1406.6973475725101
ONEWEB-0415,STARLINK-5493,12301.127805730412
ONEWEB-0415,STARLINK-5652,12466.01947577533
ONEWEB-0415,ONEWEB-0646,1189.7535703891879
ONEWEB-0415,STARLINK-5968,12551.569663196378
ONEWEB-0415,STARLINK-5941,12494.188233542094
ONEWEB-0415,STARLINK-6238,12572.776640344167
ONEWEB-0415,ION,10577.784792515555
ONEWEB-0415,STARLINK-6150,12580.569974681626
ONEWEB-0415,STARLINK-30344,13101.977858563294
ONEWEB-0415,STARLINK-30362,13250.820444233092
ONEWEB-0415,STARLINK-30432,12361.336950537794
ONEWEB-0415,STARLINK-30441,12614.64402374127
ONEWEB-0415,STARLINK-30895,12054.132219533234
ONEWEB-0415,STARLINK-30900,12470.821758063357
ONEWEB-0415,STARLINK-31088,13083.749180239027
ONEWEB-0415,STARLINK-31082,13164.373890669976
ONEWEB-0415,STARLINK-31117,3479.0569661975073
ONEWEB-0415,STARLINK-31586,3448.95118176163
ONEWEB-0415,STARLINK-31604,3852.6273725843876
ONEWEB-0415,STARLINK-31433,13659.326178750287
ONEWEB-0415,STARLINK-31655,3508.0355244430157
ONEWEB-0415,STARLINK-31489,12606.246869751723
ONEWEB-0415,STARLINK-31464,12667.894787190575
ONEWEB-0415,STARLINK-31649,2858.0089582167443
ONEWEB-0415,STARLINK-32261,3010.3078605377764
ONEWEB-0415,STARLINK-32349,2491.9214766334353
ONEWEB-0415,STARLINK-32415,12615.13345308678
ONEWEB-0415,STARLINK-32456,11889.059143333197
ONEWEB-0415,STARLINK-11426,2606.813097676263
ONEWEB-0415,STARLINK-11406,12928.132241805899
ONEWEB-0415,STARLINK-32907,13963.69927650249
ONEWEB-0415,STARLINK-33837,11969.784024011196
ONEWEB-0415,STARLINK-11685,4927.492149358029
STARLINK-3801,SSD,983.9571421225656
STARLINK-3801,USA,3802.068911178431
STARLINK-3801,CANX-1,931.998828975996
STARLINK-3801,GLAST,7265.91027478188
STARLINK-3801,RE,11689.743935439088
STARLINK-3801,YAOGAN,3956.4839940072243
STARLINK-3801,AEROCUBE,9955.319658494069
STARLINK-3801,STARLINK-2031,5167.514465938077
STARLINK-3801,ONEWEB-0218,3018.5122700640986
STARLINK-3801,STARLINK-2497,2451.313651740982
STARLINK-3801,ONEWEB-0415,2645.829266185645
STARLINK-3801,STARLINK-3894,5181.575606251061
STARLINK-3801,ONEWEB-0505,4016.789411186481
STARLINK-3801,ONEWEB-0526,2918.165888166491
STARLINK-3801,ONEWEB-0529,3106.7004223246245
STARLINK-3801,STARLINK-5493,10296.339366157727
STARLINK-3801,STARLINK-5652,10360.798078604945
STARLINK-3801,ONEWEB-0646,2897.824681813761
STARLINK-3801,STARLINK-5968,10949.682881671695
STARLINK-3801,STARLINK-5941,10851.831672199787
STARLINK-3801,STARLINK-6238,10956.528541092775
STARLINK-3801,ION,10138.21198249953
STARLINK-3801,STARLINK-6150,10516.629093847467
STARLINK-3801,STARLINK-30344,11749.83388578358
STARLINK-3801,STARLINK-30362,11846.823647509145
STARLINK-3801,STARLINK-30432,10393.161967810887
STARLINK-3801,STARLINK-30441,10454.425426536407
STARLINK-3801,STARLINK-30895,10516.566920210715
STARLINK-3801,STARLINK-30900,10911.403227352845
STARLINK-3801,STARLINK-31088,11724.16317834521
STARLINK-3801,STARLINK-31082,11674.69114076669
STARLINK-3801,STARLINK-31117,3648.877673985991
STARLINK-3801,STARLINK-31586,985.476436494186
STARLINK-3801,STARLINK-31604,1633.3971140691717
STARLINK-3801,STARLINK-31433,12128.76491663182
STARLINK-3801,STARLINK-31655,1903.721532958779
STARLINK-3801,STARLINK-31489,10886.357801745069
STARLINK-3801,STARLINK-31464,10587.816184252175
STARLINK-3801,STARLINK-31649,2905.621376193217
STARLINK-3801,STARLINK-32261,1539.1540646260275
STARLINK-3801,STARLINK-32349,383.69322037635465
STARLINK-3801,STARLINK-32415,10422.15143288996
STARLINK-3801,STARLINK-32456,10750.038031195769
STARLINK-3801,STARLINK-11426,545.8264389568457
STARLINK-3801,STARLINK-11406,11560.219541480248
STARLINK-3801,STARLINK-32907,12080.3705417503
STARLINK-3801,STARLINK-33837,9825.861146165767
STARLINK-3801,STARLINK-11685,2368.9926541707787
STARLINK-3894,SSD,5960.59822279003
STARLINK-3894,USA,4587.254762482747
STARLINK-3894,CANX-1,5174.287332909892
STARLINK-3894,GLAST,4007.9179618395256
STARLINK-3894,RE,12593.767741357586
STARLINK-3894,YAOGAN,8217.714570944892
STARLINK-3894,AEROCUBE,7535.895275691041
STARLINK-3894,STARLINK-2031,71.91937359124577
STARLINK-3894,ONEWEB-0218,3718.895819563909
STARLINK-3894,STARLINK-2497,3657.6879562477425
STARLINK-3894,ONEWEB-0415,4629.890955027259
STARLINK-3894,STARLINK-3801,5181.575606251061
STARLINK-3894,ONEWEB-0505,2810.8888296042787
STARLINK-3894,ONEWEB-0526,3790.9189873695705
STARLINK-3894,ONEWEB-0529,3558.4363585879787
STARLINK-3894,STARLINK-5493,11138.048375811099
STARLINK-3894,STARLINK-5652,11297.592900953778
STARLINK-3894,ONEWEB-0646,3820.4811206609197
STARLINK-3894,STARLINK-5968,12606.149564382282
STARLINK-3894,STARLINK-5941,12452.037372714962
STARLINK-3894,STARLINK-6238,9781.363790075873
STARLINK-3894,ION,7751.766157764541
STARLINK-3894,STARLINK-6150,11026.802939997593
STARLINK-3894,STARLINK-30344,10263.285052651994
STARLINK-3894,STARLINK-30362,10350.806854347182
STARLINK-3894,STARLINK-30432,10906.971890982531
STARLINK-3894,STARLINK-30441,11375.824111201426
STARLINK-3894,STARLINK-30895,12316.743214901919
STARLINK-3894,STARLINK-30900,12356.127645007771
STARLINK-3894,STARLINK-31088,10239.943614593776
STARLINK-3894,STARLINK-31082,10365.538637553045
STARLINK-3894,STARLINK-31117,1601.8028280704782
STARLINK-3894,STARLINK-31586,5737.129260861627
STARLINK-3894,STARLINK-31604,6416.738056884415
STARLINK-3894,STARLINK-31433,10624.50138987616
STARLINK-3894,STARLINK-31655,4302.658929805588
STARLINK-3894,STARLINK-31489,10356.182051264805
STARLINK-3894,STARLINK-31464,11064.262833846951
STARLINK-3894,STARLINK-31649,6188.754397191509
STARLINK-3894,STARLINK-32261,4034.925991211385
STARLINK-3894,STARLINK-32349,5083.272953710998
STARLINK-3894,STARLINK-32415,11456.35297419074
STARLINK-3894,STARLINK-32456,8710.860938294602
STARLINK-3894,STARLINK-11426,5028.443809123672
STARLINK-3894,STARLINK-11406,10092.09386903971
STARLINK-3894,STARLINK-32907,12791.985377599793
STARLINK-3894,STARLINK-33837,11808.548534116244
STARLINK-3894,STARLINK-11685,6772.482921997958
ONEWEB-0505,SSD,4960.167317029312
ONEWEB-0505,USA,2469.901802543682
ONEWEB-0505,CANX-1,4052.0564419449383
ONEWEB-0505,GLAST,6644.74807735109
ONEWEB-0505,RE,13863.128817569213
ONEWEB-0505,YAOGAN,7832.979034477892
ONEWEB-0505,AEROCUBE,9922.798828695233
ONEWEB-0505,STARLINK-2031,2832.619111467642
ONEWEB-0505,ONEWEB-0218,1450.0967783944648
ONEWEB-0505,STARLINK-2497,3675.4809792106284
ONEWEB-0505,ONEWEB-0415,2196.6465804837653
ONEWEB-0505,STARLINK-3801,4016.789411186481
ONEWEB-0505,STARLINK-3894,2810.8888296042787
ONEWEB-0505,ONEWEB-0526,1577.841924351223
ONEWEB-0505,ONEWEB-0529,1326.9828152479492
ONEWEB-0505,STARLINK-5493,12400.319231619287
ONEWEB-0505,STARLINK-5652,12592.424567101614
ONEWEB-0505,ONEWEB-0646,1595.5875907416769
ONEWEB-0505,STARLINK-5968,13043.983936988016
ONEWEB-0505,STARLINK-5941,12956.416339835901
ONEWEB-0505,STARLINK-6238,11927.271216515195
ONEWEB-0505,ION,9519.297738749401
ONEWEB-0505,STARLINK-6150,12542.8364009459
ONEWEB-0505,STARLINK-30344,12356.187863680849
ONEWEB-0505,STARLINK-30362,12498.630726272815
ONEWEB-0505,STARLINK-30432,12334.426818942991
ONEWEB-0505,STARLINK-30441,12729.160444771722
ONEWEB-0505,STARLINK-30895,12612.106690614271
ONEWEB-0505,STARLINK-30900,12877.80457605284
ONEWEB-0505,STARLINK-31088,12338.438482202479
ONEWEB-0505,STARLINK-31082,12477.615896416071
ONEWEB-0505,STARLINK-31117,2313.630283291816
ONEWEB-0505,STARLINK-31586,4785.954347080792
ONEWEB-0505,STARLINK-31604,5363.536978982476
ONEWEB-0505,STARLINK-31433,12896.025675120878
ONEWEB-0505,STARLINK-31655,3991.7202561737345
ONEWEB-0505,STARLINK-31489,12197.976662380257
ONEWEB-0505,STARLINK-31464,12615.58339915488
ONEWEB-0505,STARLINK-31649,4405.580350870975
ONEWEB-0505,STARLINK-32261,3529.82845501722
ONEWEB-0505,STARLINK-32349,3864.7473659148886
ONEWEB-0505,STARLINK-32415,12770.627770758778
ONEWEB-0505,STARLINK-32456,10948.748734629067
ONEWEB-0505,STARLINK-11426,3897.063671792219
ONEWEB-0505,STARLINK-11406,12188.411107347867
ONEWEB-0505,STARLINK-32907,14039.53472131718
ONEWEB-0505,STARLINK-33837,12514.073094122037
ONEWEB-0505,STARLINK-11685,6197.940934028723
ONEWEB-0526,SSD,3897.083968389675
ONEWEB-0526,USA,2814.8883320112295
ONEWEB-0526,CANX-1,2758.7631302467435
ONEWEB-0526,GLAST,7144.576019368028
ONEWEB-0526,RE,13835.989325245528
ONEWEB-0526,YAOGAN,6853.020305281482
ONEWEB-0526,AEROCUBE,10557.685944407345
ONEWEB-0526,STARLINK-2031,3787.7870957125915
ONEWEB-0526,ONEWEB-0218,134.23429174424717
ONEWEB-0526,STARLINK-2497,2943.092146439802
ONEWEB-0526,ONEWEB-0415,1228.9068280182446
ONEWEB-0526,STARLINK-3801,2918.165888166491
ONEWEB-0526,STARLINK-3894,3790.9189873695705
ONEWEB-0526,ONEWEB-0505,1577.841924351223
ONEWEB-0526,ONEWEB-0529,277.08559515958757
ONEWEB-0526,STARLINK-5493,12385.412794608512
ONEWEB-0526,STARLINK-5652,12507.768111123196
ONEWEB-0526,ONEWEB-0646,40.257694465412136
ONEWEB-0526,STARLINK-5968,13068.91300392772
ONEWEB-0526,STARLINK-5941,12980.024859581466
ONEWEB-0526,STARLINK-6238,12231.546304118721
ONEWEB-0526,ION,10469.678201319779
ONEWEB-0526,STARLINK-6150,12512.78557028789
ONEWEB-0526,STARLINK-30344,12867.271445910192
ONEWEB-0526,STARLINK-30362,12976.90263516595
ONEWEB-0526,STARLINK-30432,12369.333905559088
ONEWEB-0526,STARLINK-30441,12607.469341624872
ONEWEB-0526,STARLINK-30895,12623.045648683485
ONEWEB-0526,STARLINK-30900,12957.489825073555
ONEWEB-0526,STARLINK-31088,12844.246486541742
ONEWEB-0526,STARLINK-31082,12896.549773051665
ONEWEB-0526,STARLINK-31117,2851.7945101980504
ONEWEB-0526,STARLINK-31586,3567.8339081892886
ONEWEB-0526,STARLINK-31604,4414.745677081765
ONEWEB-0526,STARLINK-31433,13276.565396080841
ONEWEB-0526,STARLINK-31655,3034.9921318069305
ONEWEB-0526,STARLINK-31489,12445.328658092567
ONEWEB-0526,STARLINK-31464,12574.371868682621
ONEWEB-0526,STARLINK-31649,3919.3025034936063
ONEWEB-0526,STARLINK-32261,2628.4360191379087
ONEWEB-0526,STARLINK-32349,2864.387273755606
ONEWEB-0526,STARLINK-32415,12617.138656623563
ONEWEB-0526,STARLINK-32456,11562.98493354527
ONEWEB-0526,STARLINK-11426,2975.9462208244613
ONEWEB-0526,STARLINK-11406,12685.574714001179
ONEWEB-0526,STARLINK-32907,14121.266923447358
ONEWEB-0526,STARLINK-33837,12272.044017995131
ONEWEB-0526,STARLINK-11685,5263.477429153409
ONEWEB-0529,SSD,4087.8552284584835
ONEWEB-0529,USA,2798.192578593158
ONEWEB-0529,CANX-1,2960.900711441928
ONEWEB-0529,GLAST,6989.347812768535
ONEWEB-0529,RE,13851.503701477668
ONEWEB-0529,YAOGAN,7027.223134573841
ONEWEB-0529,AEROCUBE,10425.91746450916
ONEWEB-0529,STARLINK-2031,3556.8608074165704
ONEWEB-0529,ONEWEB-0218,174.18654882190611
ONEWEB-0529,STARLINK-2497,2977.208540037493
ONEWEB-0529,ONEWEB-0415,1406.6973475725101
ONEWEB-0529,STARLINK-3801,3106.7004223246245
ONEWEB-0529,STARLINK-3894,3558.4363585879787
ONEWEB-0529,ONEWEB-0505,1326.9828152479492
ONEWEB-0529,ONEWEB-0526,277.08559515958757
ONEWEB-0529,STARLINK-5493,12396.517590365007
ONEWEB-0529,STARLINK-5652,12525.47385959195
ONEWEB-0529,ONEWEB-0646,308.3053994636284
ONEWEB-0529,STARLINK-5968,13111.40548335813
ONEWEB-0529,STARLINK-5941,13020.063234685094
ONEWEB-0529,STARLINK-6238,12157.193184810296
ONEWEB-0529,ION,10324.069170523717
ONEWEB-0529,STARLINK-6150,12512.647993094464
ONEWEB-0529,STARLINK-30344,12773.232566533148
ONEWEB-0529,STARLINK-30362,12884.006139887933
ONEWEB-0529,STARLINK-30432,12366.343437438856
ONEWEB-0529,STARLINK-30441,12626.353797235717
ONEWEB-0529,STARLINK-30895,12671.564725753016
ONEWEB-0529,STARLINK-30900,12989.341295929033
ONEWEB-0529,STARLINK-31088,12750.514867890306
ONEWEB-0529,STARLINK-31082,12812.753655888899
ONEWEB-0529,STARLINK-31117,2692.3837799152416
ONEWEB-0529,STARLINK-31586,3766.289238623813
ONEWEB-0529,STARLINK-31604,4600.572159855792
ONEWEB-0529,STARLINK-31433,13187.745184193916
ONEWEB-0529,STARLINK-31655,3131.62871238614
ONEWEB-0529,STARLINK-31489,12396.057754940754
ONEWEB-0529,STARLINK-31464,12573.589437539991
ONEWEB-0529,STARLINK-31649,4058.5322446402506
ONEWEB-0529,STARLINK-32261,2722.9462206244953
ONEWEB-0529,STARLINK-32349,3041.8996043298184
ONEWEB-0529,STARLINK-32415,12641.558382053974
ONEWEB-0529,STARLINK-32456,11445.075211932766
ONEWEB-0529,STARLINK-11426,3139.1863843088286
ONEWEB-0529,STARLINK-11406,12592.739765842784
ONEWEB-0529,STARLINK-32907,14125.36587701301
ONEWEB-0529,STARLINK-33837,12335.604759105947
ONEWEB-0529,STARLINK-11685,5431.127218175112
STARLINK-5493,SSD,9751.055091513621
STARLINK-5493,USA,11848.7144858477
STARLINK-5493,CANX-1,10810.068425061223
STARLINK-5493,GLAST,9236.023226670637
STARLINK-5493,RE,1468.519938422456
STARLINK-5493,YAOGAN,8079.404368000992
STARLINK-5493,AEROCUBE,6547.176397706186
STARLINK-5493,STARLINK-2031,11131.213065603952
STARLINK-5493,ONEWEB-0218,12416.528778702279
STARLINK-5493,STARLINK-2497,10313.967336480298
STARLINK-5493,ONEWEB-0415,12301.127805730412
STARLINK-5493,STARLINK-3801,10296.339366157727
STARLINK-5493,STARLINK-3894,11138.048375811099
STARLINK-5493,ONEWEB-0505,12400.319231619287
STARLINK-5493,ONEWEB-0526,12385.412794608512
STARLINK-5493,ONEWEB-0529,12396.517590365007
STARLINK-5493,STARLINK-5652,810.2956425606858
STARLINK-5493,ONEWEB-0646,12382.094002068518
STARLINK-5493,STARLINK-5968,4816.774022422655
STARLINK-5493,STARLINK-5941,4436.580742901313
STARLINK-5493,STARLINK-6238,4612.858386363598
STARLINK-5493,ION,7560.793160485063
STARLINK-5493,STARLINK-6150,1624.0478592322906
STARLINK-5493,STARLINK-30344,4898.753578050953
STARLINK-5493,STARLINK-30362,4982.098851322336
STARLINK-5493,STARLINK-30432,801.1901625943337
STARLINK-5493,STARLINK-30441,1458.9802779373633
STARLINK-5493,STARLINK-30895,5268.954139213325
STARLINK-5493,STARLINK-30900,4611.954345447791
STARLINK-5493,STARLINK-31088,4887.93987055851
STARLINK-5493,STARLINK-31082,4609.45016783846
STARLINK-5493,STARLINK-31117,10351.259328489044
STARLINK-5493,STARLINK-31586,10245.239853729709
STARLINK-5493,STARLINK-31604,9463.857260604995
STARLINK-5493,STARLINK-31433,5522.36557471041
STARLINK-5493,STARLINK-31655,10247.50600003063
STARLINK-5493,STARLINK-31489,2935.45014400243
STARLINK-5493,STARLINK-31464,1931.7488327496123
STARLINK-5493,STARLINK-31649,10826.260833219032
STARLINK-5493,STARLINK-32261,10220.531519776552
STARLINK-5493,STARLINK-32349,10225.516404451573
STARLINK-5493,STARLINK-32415,1596.9240371807728
STARLINK-5493,STARLINK-32456,5807.490571329436
STARLINK-5493,STARLINK-11426,10021.13711684812
STARLINK-5493,STARLINK-11406,4814.598148244405
STARLINK-5493,STARLINK-32907,2076.3264793939397
STARLINK-5493,STARLINK-33837,2586.2983976103546
STARLINK-5493,STARLINK-11685,8584.220873514529
STARLINK-5652,SSD,9795.021214281263
STARLINK-5652,USA,12142.958215996285
STARLINK-5652,CANX-1,10819.206122946971
STARLINK-5652,GLAST,9233.752136821138
STARLINK-5652,RE,1570.1345813846556
STARLINK-5652,YAOGAN,7975.181842088063
STARLINK-5652,AEROCUBE,6727.4133495670985
STARLINK-5652,STARLINK-2031,11285.707983805863
STARLINK-5652,ONEWEB-0218,12545.229562679175
STARLINK-5652,STARLINK-2497,10298.938046950236
STARLINK-5652,ONEWEB-0415,12466.01947577533
STARLINK-5652,STARLINK-3801,10360.798078604945
STARLINK-5652,STARLINK-3894,11297.592900953778
STARLINK-5652,ONEWEB-0505,12592.424567101614
STARLINK-5652,ONEWEB-0526,12507.768111123196
STARLINK-5652,ONEWEB-0529,12525.47385959195
STARLINK-5652,STARLINK-5493,810.2956425606858
STARLINK-5652,ONEWEB-0646,12505.32684031879
STARLINK-5652,STARLINK-5968,5459.33931068691
STARLINK-5652,STARLINK-5941,5081.819488169037
STARLINK-5652,STARLINK-6238,4543.694244802363
STARLINK-5652,ION,8117.6522023379575
STARLINK-5652,STARLINK-6150,1135.084464554669
STARLINK-5652,STARLINK-30344,5169.887510652119
STARLINK-5652,STARLINK-30362,5165.334864641137
STARLINK-5652,STARLINK-30432,973.1171362913625
STARLINK-5652,STARLINK-30441,664.885219021606
STARLINK-5652,STARLINK-30895,5902.832202492201
STARLINK-5652,STARLINK-30900,5299.339611414719
STARLINK-5652,STARLINK-31088,5148.485037754801
STARLINK-5652,STARLINK-31082,4743.124986849518
STARLINK-5652,STARLINK-31117,10508.34087915966
STARLINK-5652,STARLINK-31586,10235.039866640625
STARLINK-5652,STARLINK-31604,9551.380504227407
STARLINK-5652,STARLINK-31433,5461.722326733016
STARLINK-5652,STARLINK-31655,10221.548871400182
STARLINK-5652,STARLINK-31489,3046.1299282494347
STARLINK-5652,STARLINK-31464,1389.505426320513
STARLINK-5652,STARLINK-31649,11087.202590249613
STARLINK-5652,STARLINK-32261,10243.405133273236
STARLINK-5652,STARLINK-32349,10319.690743426627
STARLINK-5652,STARLINK-32415,787.8935178172212
STARLINK-5652,STARLINK-32456,6066.624587047621
STARLINK-5652,STARLINK-11426,10123.58866931277
STARLINK-5652,STARLINK-11406,5068.106087704122
STARLINK-5652,STARLINK-32907,2566.7742328269796
STARLINK-5652,STARLINK-33837,2750.0883980071517
STARLINK-5652,STARLINK-11685,8586.886321063488
ONEWEB-0646,SSD,3875.675059294826
ONEWEB-0646,USA,2792.3659795142958
ONEWEB-0646,CANX-1,2745.062831215813
ONEWEB-0646,GLAST,7171.909972585226
ONEWEB-0646,RE,13832.055789401616
ONEWEB-0646,YAOGAN,6835.815365064728
ONEWEB-0646,AEROCUBE,10573.837726344329
ONEWEB-0646,STARLINK-2031,3817.668430846716
ONEWEB-0646,ONEWEB-0218,153.28814752564756
ONEWEB-0646,STARLINK-2497,2956.2644076838055
ONEWEB-0646,ONEWEB-0415,1189.7535703891879
ONEWEB-0646,STARLINK-3801,2897.824681813761
ONEWEB-0646,STARLINK-3894,3820.4811206609197
ONEWEB-0646,ONEWEB-0505,1595.5875907416769
ONEWEB-0646,ONEWEB-0526,40.257694465412136
ONEWEB-0646,ONEWEB-0529,308.3053994636284
ONEWEB-0646,STARLINK-5493,12382.094002068518
ONEWEB-0646,STARLINK-5652,12505.32684031879
ONEWEB-0646,STARLINK-5968,13053.022492445687
ONEWEB-0646,STARLINK-5941,12965.04521379566
ONEWEB-0646,STARLINK-6238,12243.080964776185
ONEWEB-0646,ION,10477.35616464944
ONEWEB-0646,STARLINK-6150,12513.991484110486
ONEWEB-0646,STARLINK-30344,12876.747626788096
ONEWEB-0646,STARLINK-30362,12987.411269992468
ONEWEB-0646,STARLINK-30432,12368.612638445156
ONEWEB-0646,STARLINK-30441,12606.294386231963
ONEWEB-0646,STARLINK-30895,12605.53567762812
ONEWEB-0646,STARLINK-30900,12942.814059465918
ONEWEB-0646,STARLINK-31088,12853.838574288444
ONEWEB-0646,STARLINK-31082,12906.528299276408
ONEWEB-0646,STARLINK-31117,2870.9694966241696
ONEWEB-0646,STARLINK-31586,3552.013701149821
ONEWEB-0646,STARLINK-31604,4389.531916297267
ONEWEB-0646,STARLINK-31433,13289.908295727999
ONEWEB-0646,STARLINK-31655,3039.4120412259094
ONEWEB-0646,STARLINK-31489,12451.000275150305
ONEWEB-0646,STARLINK-31464,12576.300431334654
ONEWEB-0646,STARLINK-31649,3884.7862764346173
ONEWEB-0646,STARLINK-32261,2629.422714188159
ONEWEB-0646,STARLINK-32349,2842.0389933904967
ONEWEB-0646,STARLINK-32415,12615.494545424946
ONEWEB-0646,STARLINK-32456,11575.728819703927
ONEWEB-0646,STARLINK-11426,2954.540471006599
ONEWEB-0646,STARLINK-11406,12695.198047499005
ONEWEB-0646,STARLINK-32907,14116.460976238308
ONEWEB-0646,STARLINK-33837,12260.83145291748
ONEWEB-0646,STARLINK-11685,5245.164408838051
STARLINK-5968,SSD,10333.90150770978
STARLINK-5968,USA,11613.229431556945
STARLINK-5968,CANX-1,11733.482159853736
STARLINK-5968,GLAST,12108.830626875584
STARLINK-5968,RE,4986.519745373034
STARLINK-5968,YAOGAN,8963.61333241112
STARLINK-5968,AEROCUBE,9698.696919948126
STARLINK-5968,STARLINK-2031,12622.16414516127
STARLINK-5968,ONEWEB-0218,13089.876737535442
STARLINK-5968,STARLINK-2497,11900.535837941075
STARLINK-5968,ONEWEB-0415,12551.569663196378
STARLINK-5968,STARLINK-3801,10949.682881671695
STARLINK-5968,STARLINK-3894,12606.149564382282
STARLINK-5968,ONEWEB-0505,13043.983936988016
STARLINK-5968,ONEWEB-0526,13068.91300392772
STARLINK-5968,ONEWEB-0529,13111.40548335813
STARLINK-5968,STARLINK-5493,4816.774022422655
STARLINK-5968,STARLINK-5652,5459.33931068691
STARLINK-5968,ONEWEB-0646,13053.022492445687
STARLINK-5968,STARLINK-5941,381.6750231845438
STARLINK-5968,STARLINK-6238,8843.473525125979
STARLINK-5968,ION,8550.732968061411
